c1pg0740.15i
     1.0            IONOSPHERE MAPS     GNSS                IONEX VERSION / TYPE
IONINX V5.3         AIUB                15-MAR-15 07:56     PGM / RUN BY / DATE 
CODE'S 1-DAY PREDICTED IONOSPHERE MAPS FOR DAY 074, 2015    COMMENT             
Global ionosphere maps (GIM) are generated on a daily basis DESCRIPTION         
at CODE using data from about 120 GNSS sites of the IGS and DESCRIPTION         
other institutions. The vertical total electron content     DESCRIPTION         
(VTEC) is modeled in a solar-geomagnetic reference frame    DESCRIPTION         
using a spherical harmonics expansion up to degree and      DESCRIPTION         
order 15. Piece-wise linear functions are used for          DESCRIPTION         
representation in the time domain. The time spacing of      DESCRIPTION         
their vertices is 1 hour, conforming with the epochs of the DESCRIPTION         
VTEC maps. Instrumental biases, so-called differential      DESCRIPTION         
P1-P2 code biases (DCB), for all GNSS satellites and ground DESCRIPTION         
stations are estimated as constant values for each day,     DESCRIPTION         
simultaneously with the 25 times 256, or 6400 parameters    DESCRIPTION         
used to represent the global VTEC distribution. The DCB     DESCRIPTION         
datum is defined by a zero-mean condition imposed on the    DESCRIPTION         
satellite bias estimates. P1-C1 bias corrections are taken  DESCRIPTION         
into account if needed. To convert line-of-sight TEC into   DESCRIPTION         
vertical TEC, a modified single-layer model mapping         DESCRIPTION         
function approximating the JPL extended slab model mapping  DESCRIPTION         
function is adopted. The mapping function is evaluated at   DESCRIPTION         
geodetic satellite elevation angles. For the computation of DESCRIPTION         
the ionospheric pierce points, a spherical layer with a     DESCRIPTION         
radius of 6821 km is assumed, implying geocentric, not      DESCRIPTION         
geodetic IONEX latitudes.                                   DESCRIPTION         
Contact address: code(at)aiub.unibe.ch                      DESCRIPTION         
Web page:        www.aiub.unibe.ch/content/ionosphere/      DESCRIPTION         
Data archive:    ftp.unibe.ch/aiub/CODE/                    DESCRIPTION         
                 www.aiub.unibe.ch/download/CODE/           DESCRIPTION         
  2015     3    15     0     0     0                        EPOCH OF FIRST MAP  
  2015     3    16     0     0     0                        EPOCH OF LAST MAP   
  3600                                                      INTERVAL            
    25                                                      # OF MAPS IN FILE   
  NONE                                                      MAPPING FUNCTION    
    10.0                                                    ELEVATION CUTOFF    
One-way carrier phase leveled to code                       OBSERVABLES USED    
  6371.0                                                    BASE RADIUS         
     2                                                      MAP DIMENSION       
   450.0 450.0   0.0                                        HGT1 / HGT2 / DHGT  
    87.5 -87.5  -2.5                                        LAT1 / LAT2 / DLAT  
  -180.0 180.0   5.0                                        LON1 / LON2 / DLON  
    -1                                                      EXPONENT            
TEC/RMS values in 0.1 TECU; 9999, if no value available     COMMENT             
                                                            END OF HEADER       
[from data line 858]
     3                                                      START OF TEC MAP    
  2015     3    15     2     0     0                        EPOCH OF CURRENT MAP
    87.5-180.0 180.0   5.0 450.0                            LAT/LON1/LON2/DLON/H
  183  184  184  184  184  184  184  184  184  184  184  183  183  182  182  181
  180  179  178  177  175  174  173  171  170  169  167  166  165  163  162  161
  160  159  158  157  157  156  156  156  156  156  156  156  157  157  158  159
  159  160  161  162  164  165  166  167  168  170  171  172  173  175  176  177
  178  179  180  180  181  182  182  183  183
    85.0-180.0 180.0   5.0 450.0                            LAT/LON1/LON2/DLON/H
  193  193  193  194  194  194  194  194  194  194  193  193  192  192  191  189
  188  186  184  182  179  177  174  171  168  165  162  159  156  154  151  149
  147  146  144  143  142  142  141  141  141  142  142  143  144  145  147  148
  150  152  154  156  158  161  163  166  168  171  173  176  178  180  182  184
  186  188  189  190  191  192  192  193  193
    82.5-180.0 180.0   5.0 450.0                            LAT/LON1/LON2/DLON/H
  202  201  201  200  200  199  199  199  199  199  199  198  198  197  196  194
  192  190  187  184  180  176  172  167  163  158  154  150  146  143  140  137
  135  133  132  131  130  130  130  130  131  132  133  134  135  137  139  141
  143  146  149  152  155  159  163  166  170  174  178  182  186  189  192  195
  197  199  201  202  202  203  203  202  202
    80.0-180.0 180.0   5.0 450.0                            LAT/LON1/LON2/DLON/H
  212  210  208  206  205  203  202  201  201  200  200  199  199  197  196  194
  191  188  184  180  175  170  165  159  154  149  144  139  135  131  128  126
  124  123  123  123  123  124  124  125  126  127  129  130  131  133  134  137
  139  142  145  149  153  158  163  168  174  180  185  191  196  201  205  208
  211  214  216  216  217  216  215  214  212
    77.5-180.0 180.0   5.0 450.0                            LAT/LON1/LON2/DLON/H
  226  222  219  215  212  209  206  204  202  201  200  198  196  194  191  187
  183  179  174  169  164  158  153  147  141  136  131  127  124  121  119  118
  118  118  119  120  121  123  124  126  127  128  129  129  130  131  132  134
  136  139  142  147  152  157  164  171  178  185  193  200  206  213  218  223
  227  230  233  234  234  233  232  229  226
    75.0-180.0 180.0   5.0 450.0                            LAT/LON1/LON2/DLON/H
  244  239  233  228  222  218  214  210  207  204  200  197  192  187  182  176
  170  164  158  152  147  142  137  132  127  123  119  117  115  114  113  114
  115  117  119  121  123  125  127  128  129  130  130  130  130  130  130  131
  133  135  139  144  150  157  164  173  182  191  200  208  216  224  231  237
  242  246  249  252  253  252  251  248  244
    72.5-180.0 180.0   5.0 450.0                            LAT/LON1/LON2/DLON/H
  263  258  251  244  237  231  225  220  215  210  205  198  190  181  172  163
  154  146  139  133  128  123  119  116  113  111  109  108  108  109  111  113
  116  118  121  124  126  127  129  130  130  129  129  128  127  126  126  126
  128  131  135  141  148  156  166  176  186  196  207  216  225  234  241  248
  254  259  263  267  269  270  270  267  263
    70.0-180.0 180.0   5.0 450.0                            LAT/LON1/LON2/DLON/H
  282  277  270  262  254  247  240  234  228  222  214  204  192  179  165  151
  139  129  121  115  110  107  105  103  102  101  101  102  103  106  109  113
  116  119  121  123  125  126  126  126  125  124  123  121  119  118  118  119
  121  125  131  138  147  157  168  180  191  203  214  225  234  242  249  255
  261  267  272  277  282  285  286  285  282
    67.5-180.0 180.0   5.0 450.0                            LAT/LON1/LON2/DLON/H
  297  293  286  278  270  262  255  249  243  236  226  214  198  180  162  144
  129  117  108  102   98   96   95   94   94   94   95   97  100  103  107  111
  114  116  117  118  118  117  116  115  114  112  111  109  108  108  108  110
  114  120  128  137  148  160  173  186  199  212  224  234  243  250  256  261
  266  271  276  282  288  293  297  298  297
    65.0-180.0 180.0   5.0 450.0                            LAT/LON1/LON2/DLON/H
  306  303  297  289  280  273  266  261  257  250  240  226  208  187  165  144
  126  112  103   97   94   93   92   91   91   91   91   93   95   99  102  106
  108  108  108  106  104  102  100   99   98   97   96   95   95   96   98  102
  108  117  127  139  152  166  180  195  210  223  236  246  254  260  264  267
  270  273  278  283  290  296  302  306  306
    62.5-180.0 180.0   5.0 450.0                            LAT/LON1/LON2/DLON/H
  310  308  303  294  285  277  272  268  265  260  252  238  219  196  172  150
  131  117  107  102   99   97   96   94   91   89   88   88   90   92   95   97
   98   97   95   91   88   84   82   81   80   81   81   82   83   86   90   97
  105  116  129  144  159  174  190  206  222  237  250  260  268  272  275  276
  277  278  280  284  290  296  303  308  310
    60.0-180.0 180.0   5.0 450.0                            LAT/LON1/LON2/DLON/H
  312  311  305  296  286  277  271  268  267  264  258  246  228  206  183  161
  142  128  119  113  110  107  103   99   94   89   86   84   84   85   87   87
   87   84   81   76   72   68   66   66   67   69   71   74   77   81   87   95
  106  120  135  152  168  185  202  219  235  251  265  276  284  288  290  290
  289  288  288  289  292  298  304  309  312
    57.5-180.0 180.0   5.0 450.0                            LAT/LON1/LON2/DLON/H
  316  314  308  298  286  276  268  265  264  262  258  248  233  214  193  173
  157  144  135  129  124  119  113  107   99   91   85   81   79   79   79   79
   78   75   71   66   62   59   58   59   61   65   69   73   77   82   89   99
  111  127  144  162  179  196  213  230  247  264  279  291  301  306  309  309
  308  305  302  301  301  303  308  313  316
    55.0-180.0 180.0   5.0 450.0                            LAT/LON1/LON2/DLON/H
  324  323  317  305  291  278  267  261  259  257  253  245  233  218  201  185
  171  159  150  143  137  131  123  115  105   96   87   81   78   76   76   75
   74   71   68   64   61   60   60   62   66   71   76   80   85   90   96  106
  119  135  153  172  190  206  223  239  257  274  290  304  315  323  328  330
  330  328  324  320  317  316  318  322  324
    52.5-180.0 180.0   5.0 450.0                            LAT/LON1/LON2/DLON/H
  339  338  331  320  304  287  273  263  257  252  247  240  230  218  206  194
  182  172  162  154  147  140  132  124  114  104   94   86   81   79   78   77
   76   75   73   72   71   71   72   75   79   84   89   94   98  101  107  115
  128  144  162  181  198  214  229  245  262  280  297  312  325  335  343  349
  352  352  349  343  338  335  335  337  339
    50.0-180.0 180.0   5.0 450.0                            LAT/LON1/LON2/DLON/H
  358  357  352  340  324  306  288  273  261  252  244  235  227  218  209  200
  190  180  170  161  153  147  141  134  125  115  104   95   89   86   84   84
   84   84   85   86   87   89   91   93   97  101  106  109  112  114  117  124
  135  151  169  188  205  219  233  248  264  281  299  315  329  342  353  362
  370  373  372  367  361  356  355  356  358
    47.5-180.0 180.0   5.0 450.0                            LAT/LON1/LON2/DLON/H
  376  376  373  364  349  331  311  292  275  260  247  235  226  218  211  204
  195  184  173  164  157  153  150  145  138  128  117  107  100   96   94   93
   94   96   99  103  106  109  111  113  115  118  121  124  125  125  126  130
  140  155  173  192  209  222  235  248  263  280  297  313  328  341  355  368
  379  386  388  386  381  376  374  374  376
    45.0-180.0 180.0   5.0 450.0                            LAT/LON1/LON2/DLON/H
  390  391  389  383  372  356  337  316  295  275  257  242  230  222  216  209
  199  188  176  167  162  160  160  158  151  141  129  118  110  105  102  102
  103  106  111  117  123  127  129  129  129  130  132  133  134  132  131  133
  141  156  174  194  211  225  237  249  263  279  295  310  323  337  351  366
  379  390  395  396  393  390  388  388  390
    42.5-180.0 180.0   5.0 450.0                            LAT/LON1/LON2/DLON/H
  397  397  397  394  388  377  361  341  318  295  273  255  241  232  224  216
  205  192  180  172  169  171  172  170  163  151  138  125  116  110  107  107
  109  112  119  126  133  138  140  139  138  137  137  138  137  135  132  132
  139  154  173  194  212  227  239  251  264  279  294  308  320  332  345  360
  374  386  394  398  398  398  397  397  397
    40.0-180.0 180.0   5.0 450.0                            LAT/LON1/LON2/DLON/H
  399  397  396  395  394  388  378  362  341  318  295  275  259  247  237  227
  214  201  189  183  182  184  185  181  171  156  140  126  117  112  109  109
  111  114  120  128  136  142  144  143  140  138  137  137  136  133  130  129
  136  150  171  194  214  230  244  256  270  284  298  310  321  332  343  356
  369  381  390  396  400  402  403  402  399
    37.5-180.0 180.0   5.0 450.0                            LAT/LON1/LON2/DLON/H
  403  397  392  391  392  392  387  376  360  340  318  298  281  268  255  241
  227  213  203  198  198  199  197  188  173  154  136  123  115  112  111  111
  112  115  119  126  133  139  142  141  138  135  134  134  132  129  125  125
  131  147  169  194  216  235  250  265  279  294  308  320  330  340  350  361
  372  382  390  397  404  410  412  410  403
    35.0-180.0 180.0   5.0 450.0                            LAT/LON1/LON2/DLON/H
  419  406  397  392  392  393  393  387  376  360  342  324  307  291  275  259
  243  229  220  216  215  213  206  191  170  149  131  120  115  115  116  118
  119  119  121  124  129  134  138  138  136  132  130  129  128  124  120  120
  127  144  167  194  219  241  259  276  292  308  323  337  349  360  370  379
  388  395  402  411  420  428  432  429  419
    32.5-180.0 180.0   5.0 450.0                            LAT/LON1/LON2/DLON/H
  454  437  421  410  405  404  403  399  392  381  367  351  335  317  298  279
  261  247  238  233  230  223  210  190  167  145  131  124  124  128  132  135
  135  132  129  126  128  131  135  136  134  131  128  126  123  119  116  116
  124  142  167  195  223  247  269  289  308  326  343  360  376  389  401  411
  419  425  431  440  452  464  470  466  454
    30.0-180.0 180.0   5.0 450.0                            LAT/LON1/LON2/DLON/H
  514  494  473  455  442  433  427  422  415  406  395  381  365  345  322  299
  279  264  255  248  241  229  212  190  168  151  142  142  148  155  162  165
  163  156  146  137  132  132  135  136  135  131  126  122  119  115  111  112
  121  141  167  197  227  254  279  302  324  346  367  388  408  426  441  453
  462  469  477  487  501  516  526  526  514
    27.5-180.0 180.0   5.0 450.0                            LAT/LON1/LON2/DLON/H
  595  578  555  531  508  489  473  461  450  440  429  415  398  375  349  321
  298  281  270  260  248  233  214  196  180  172  172  179  188  198  205  207
  203  191  173  156  143  138  138  139  137  131  125  119  114  109  106  108
  119  140  168  199  230  260  289  316  341  366  391  416  441  465  485  501
  513  523  533  546  563  582  597  602  595
    25.0-180.0 180.0   5.0 450.0                            LAT/LON1/LON2/DLON/H
  688  679  660  633  602  570  542  520  501  486  471  456  436  410  378  346
  319  299  284  269  254  237  223  213  209  213  222  233  244  252  256  256
  248  231  205  179  158  147  144  142  138  131  122  115  108  103  100  104
  116  139  169  201  234  265  297  328  357  385  414  444  473  501  525  545
  563  578  592  609  629  651  672  685  688
    22.5-180.0 180.0   5.0 450.0                            LAT/LON1/LON2/DLON/H
  776  780  769  745  709  668  629  595  566  542  522  502  479  449  413  376
  344  319  300  281  263  249  242  244  255  270  286  299  306  308  308  303
  291  268  236  201  174  157  149  145  138  128  117  108  101   96   94   98
  113  138  170  203  236  270  304  339  371  403  435  468  501  532  558  581
  603  624  644  664  686  712  738  761  776
    20.0-180.0 180.0   5.0 450.0                            LAT/LON1/LON2/DLON/H
  843  861  865  848  813  767  719  675  637  604  577  553  526  493  452  410
  374  345  321  300  281  271  274  290  313  337  355  364  364  357  349  338
  321  294  258  219  186  165  153  145  135  122  110  100   93   88   86   92
  108  136  170  205  239  274  311  348  385  419  454  490  525  555  581  605
  630  655  680  703  727  753  783  814  843
    17.5-180.0 180.0   5.0 450.0                            LAT/LON1/LON2/DLON/H
  875  908  926  921  893  848  798  749  704  664  630  602  573  538  494  448
  408  377  351  328  311  306  318  344  375  401  416  416  405  388  371  354
  334  305  267  227  193  170  156  144  131  115  102   92   86   81   79   85
  103  133  169  206  241  277  316  357  396  434  472  509  544  572  595  618
  643  671  698  722  745  770  800  836  875
    15.0-180.0 180.0   5.0 450.0                            LAT/LON1/LON2/DLON/H
  869  913  944  952  935  898  851  802  755  711  675  645  615  579  534  486
  445  413  387  365  351  351  368  397  428  449  455  445  423  396  372  350
  328  300  264  226  195  173  158  144  127  110   96   87   81   76   74   79
   97  129  168  207  243  281  321  364  406  446  486  525  559  585  604  623
  646  674  701  724  743  763  790  826  869
    12.5-180.0 180.0   5.0 450.0                            LAT/LON1/LON2/DLON/H
  833  880  919  939  934  908  871  828  783  741  704  675  647  612  567  520
  480  450  427  408  396  398  415  440  462  471  465  444  414  382  354  331
  309  282  251  219  193  175  161  146  128  109   95   86   80   74   70   74
   92  125  166  207  245  283  325  369  413  456  498  538  573  596  611  625
  645  670  696  716  730  743  761  791  833
    10.0-180.0 180.0   5.0 450.0                            LAT/LON1/LON2/DLON/H
  781  824  865  893  899  886  860  826  788  750  718  692  667  633  589  543
  506  482  464  449  439  439  449  462  469  463  445  418  386  355  327  305
  284  262  236  212  193  180  168  153  134  115   99   90   83   76   69   71
   88  121  164  207  247  286  328  373  418  461  505  548  583  606  619  629
  645  667  690  706  715  720  729  749  781
     7.5-180.0 180.0   5.0 450.0                            LAT/LON1/LON2/DLON/H
  735  767  804  834  847  845  830  806  776  745  717  696  673  641  598  554
  521  502  491  481  471  466  464  460  449  428  403  377  351  326  304  284
  266  247  227  209  196  188  178  164  145  125  110   99   90   80   70   69
   84  118  162  206  247  287  329  373  418  462  506  551  589  614  627  637
  651  671  691  704  709  709  709  716  735
     5.0-180.0 180.0   5.0 450.0                            LAT/LON1/LON2/DLON/H
  713  732  760  786  802  805  797  781  758  733  712  694  672  639  595  552
  522  509  503  497  486  473  457  437  409  380  355  337  324  310  295  279
  263  245  228  214  205  199  190  177  159  139  123  110   98   85   72   69
   83  115  160  205  247  286  327  370  412  455  500  546  587  616  634  646
  662  681  700  713  718  716  711  707  713
     2.5-180.0 180.0   5.0 450.0                            LAT/LON1/LON2/DLON/H
  724  731  749  769  782  785  779  766  748  728  711  694  670  633  586  541
  512  502  500  495  481  461  434  400  364  334  318  315  317  316  308  294
  277  259  241  227  217  211  202  189  172  154  136  121  106   89   75   70
   82  114  158  203  245  283  322  362  401  442  486  533  577  611  634  653
  672  694  715  731  741  743  737  728  724
