c1pg0740.15i
     1.0            IONOSPHERE MAPS     GNSS                IONEX VERSION / TYPE
IONINX V5.3         AIUB                15-MAR-15 07:56     PGM / RUN BY / DATE 
CODE'S 1-DAY PREDICTED IONOSPHERE MAPS FOR DAY 074, 2015    COMMENT             
Global ionosphere maps (GIM) are generated on a daily basis DESCRIPTION         
at CODE using data from about 120 GNSS sites of the IGS and DESCRIPTION         
other institutions. The vertical total electron content     DESCRIPTION         
(VTEC) is modeled in a solar-geomagnetic reference frame    DESCRIPTION         
using a spherical harmonics expansion up to degree and      DESCRIPTION         
order 15. Piece-wise linear functions are used for          DESCRIPTION         
representation in the time domain. The time spacing of      DESCRIPTION         
their vertices is 1 hour, conforming with the epochs of the DESCRIPTION         
VTEC maps. Instrumental biases, so-called differential      DESCRIPTION         
P1-P2 code biases (DCB), for all GNSS satellites and ground DESCRIPTION         
stations are estimated as constant values for each day,     DESCRIPTION         
simultaneously with the 25 times 256, or 6400 parameters    DESCRIPTION         
used to represent the global VTEC distribution. The DCB     DESCRIPTION         
datum is defined by a zero-mean condition imposed on the    DESCRIPTION         
satellite bias estimates. P1-C1 bias corrections are taken  DESCRIPTION         
into account if needed. To convert line-of-sight TEC into   DESCRIPTION         
vertical TEC, a modified single-layer model mapping         DESCRIPTION         
function approximating the JPL extended slab model mapping  DESCRIPTION         
function is adopted. The mapping function is evaluated at   DESCRIPTION         
geodetic satellite elevation angles. For the computation of DESCRIPTION         
the ionospheric pierce points, a spherical layer with a     DESCRIPTION         
radius of 6821 km is assumed, implying geocentric, not      DESCRIPTION         
geodetic IONEX latitudes.                                   DESCRIPTION         
Contact address: code(at)aiub.unibe.ch                      DESCRIPTION         
Web page:        www.aiub.unibe.ch/content/ionosphere/      DESCRIPTION         
Data archive:    ftp.unibe.ch/aiub/CODE/                    DESCRIPTION         
                 www.aiub.unibe.ch/download/CODE/           DESCRIPTION         
  2015     3    15     0     0     0                        EPOCH OF FIRST MAP  
  2015     3    16     0     0     0                        EPOCH OF LAST MAP   
  3600                                                      INTERVAL            
    25                                                      # OF MAPS IN FILE   
  NONE                                                      MAPPING FUNCTION    
    10.0                                                    ELEVATION CUTOFF    
One-way carrier phase leveled to code                       OBSERVABLES USED    
  6371.0                                                    BASE RADIUS         
     2                                                      MAP DIMENSION       
   450.0 450.0   0.0                                        HGT1 / HGT2 / DHGT  
    87.5 -87.5  -2.5                                        LAT1 / LAT2 / DLAT  
  -180.0 180.0   5.0                                        LON1 / LON2 / DLON  
    -1                                                      EXPONENT            
TEC/RMS values in 0.1 TECU; 9999, if no value available     COMMENT             
                                                            END OF HEADER       
[from data line 3432]
     9                                                      START OF TEC MAP    
  2015     3    15     8     0     0                        EPOCH OF CURRENT MAP
    87.5-180.0 180.0   5.0 450.0                            LAT/LON1/LON2/DLON/H
  136  137  138  139  140  141  142  144  145  146  148  149  151  152  153  154
  156  157  158  158  159  160  161  161  162  162  162  163  163  163  163  163
  163  163  163  163  162  162  162  161  161  160  159  158  158  157  156  155
  154  152  151  150  149  148  146  145  144  143  142  140  139  138  137  137
  136  135  135  135  135  135  135  135  136
    85.0-180.0 180.0   5.0 450.0                            LAT/LON1/LON2/DLON/H
  119  120  122  124  126  129  131  135  138  141  144  147  149  152  154  156
  158  159  160  161  162  162  163  163  164  164  164  165  165  166  167  167
  168  168  169  169  169  169  169  169  169  168  167  166  165  164  163  161
  160  158  156  155  153  151  148  146  144  141  139  136  133  131  128  126
  124  122  120  119  118  117  117  118  119
    82.5-180.0 180.0   5.0 450.0                            LAT/LON1/LON2/DLON/H
  103  104  106  108  112  115  120  124  129  133  138  142  145  149  151  153
  155  156  156  156  156  156  155  155  155  155  155  156  157  159  161  163
  165  167  170  171  173  175  176  176  177  176  176  176  175  174  173  172
  171  170  168  167  165  163  161  158  155  152  148  144  140  135  130  126
  121  117  113  109  107  104  103  102  103
    80.0-180.0 180.0   5.0 450.0                            LAT/LON1/LON2/DLON/H
   92   92   93   95   99  103  108  113  119  124  129  134  138  141  144  146
  146  146  146  144  143  141  139  137  136  136  137  138  141  144  148  153
  158  163  168  172  176  179  182  184  185  186  186  187  187  187  187  187
  187  187  187  187  186  185  184  182  179  175  171  166  160  153  146  139
  131  124  117  110  104   99   96   93   92
    77.5-180.0 180.0   5.0 450.0                            LAT/LON1/LON2/DLON/H
   88   86   86   88   90   94   99  104  109  114  119  124  128  131  133  134
  134  133  131  128  125  121  118  115  113  113  114  116  120  126  133  141
  149  157  165  172  179  184  188  191  194  196  197  198  199  201  202  204
  206  208  210  212  213  214  214  213  211  208  203  197  190  182  173  163
  153  142  131  121  112  104   97   92   88
    75.0-180.0 180.0   5.0 450.0                            LAT/LON1/LON2/DLON/H
   93   89   86   86   87   90   93   97  101  106  110  113  116  119  120  121
  120  119  116  112  108  103   99   95   92   91   92   96  102  110  120  130
  142  153  164  173  182  189  194  198  202  205  207  209  212  214  218  221
  225  230  234  238  241  244  245  246  245  242  238  232  225  215  205  193
  181  167  154  141  129  117  107   99   93
    72.5-180.0 180.0   5.0 450.0                            LAT/LON1/LON2/DLON/H
  103   96   92   90   89   90   92   94   97   99  102  104  105  107  108  108
  108  106  104  100   96   91   86   81   78   77   78   82   89   99  111  124
  137  151  163  174  184  192  198  203  207  211  214  218  222  226  231  236
  242  248  254  260  265  268  271  273  272  271  267  262  254  245  234  222
  208  194  179  164  149  135  123  112  103
    70.0-180.0 180.0   5.0 450.0                            LAT/LON1/LON2/DLON/H
  115  107  100   96   94   93   93   94   95   96   96   96   96   97   97   97
   98   98   97   94   91   86   81   77   73   71   72   76   84   94  107  121
  136  150  162  174  183  191  198  204  209  214  218  223  229  235  241  248
  255  262  268  274  280  284  286  288  288  287  284  280  273  265  255  243
  230  215  200  184  168  153  139  126  115
    67.5-180.0 180.0   5.0 450.0                            LAT/LON1/LON2/DLON/H
  126  116  108  103   99   97   96   96   95   94   93   91   90   89   89   90
   91   93   93   93   91   88   84   80   76   74   75   78   85   95  107  121
  135  148  160  170  179  187  194  201  207  213  220  227  233  240  248  255
  263  270  276  281  285  288  290  291  291  290  288  285  280  273  264  253
  241  228  213  198  182  166  151  138  126
    65.0-180.0 180.0   5.0 450.0                            LAT/LON1/LON2/DLON/H
  132  121  113  106  102   99   98   97   96   94   91   89   86   84   84   85
   87   90   92   94   95   93   91   88   84   82   82   84   90   98  109  121
  134  145  155  164  172  179  187  195  203  212  221  229  237  245  253  260
  267  274  279  282  285  286  286  286  285  284  283  280  276  271  264  255
  244  232  218  204  189  174  159  145  132
    62.5-180.0 180.0   5.0 450.0                            LAT/LON1/LON2/DLON/H
  136  124  114  107  102   99   97   96   95   93   90   87   84   82   81   82
   84   88   91   94   97   97   97   95   92   90   89   91   95  101  110  121
  131  141  150  157  164  171  180  189  200  211  222  232  241  250  257  265
  271  276  280  281  281  280  279  277  276  275  275  273  270  266  260  252
  242  232  219  206  192  178  163  149  136
    60.0-180.0 180.0   5.0 450.0                            LAT/LON1/LON2/DLON/H
  139  126  115  106  100   96   94   93   92   91   89   86   83   80   79   80
   82   85   88   92   95   97   98   98   97   95   94   94   97  102  109  118
  128  137  144  151  158  165  175  187  201  215  228  239  248  257  264  271
  276  281  283  283  281  278  275  272  271  271  271  271  269  265  259  252
  243  232  221  209  196  182  167  153  139
    57.5-180.0 180.0   5.0 450.0                            LAT/LON1/LON2/DLON/H
  146  132  119  109  100   94   91   90   89   88   87   84   82   80   79   78
   79   81   84   87   90   93   96   97   98   97   96   95   96  100  106  115
  125  134  142  149  156  165  177  191  207  223  238  250  259  267  274  280
  285  289  291  290  287  283  279  276  275  276  277  277  276  272  266  258
  249  239  227  215  203  189  175  161  146
    55.0-180.0 180.0   5.0 450.0                            LAT/LON1/LON2/DLON/H
  159  145  130  117  106   98   92   88   86   85   84   83   82   80   79   79
   78   78   79   81   83   87   91   94   96   96   94   93   93   96  102  112
  124  135  145  154  162  173  186  202  220  237  253  265  274  281  287  293
  299  303  305  304  300  295  291  288  288  290  291  292  291  287  281  272
  263  252  240  228  215  202  188  174  159
    52.5-180.0 180.0   5.0 450.0                            LAT/LON1/LON2/DLON/H
  178  164  149  135  121  109   99   92   88   85   83   82   82   82   82   81
   80   79   78   78   79   83   87   91   94   95   93   91   89   92   99  111
  125  140  154  165  175  187  201  218  237  256  271  283  291  297  303  310
  316  321  324  323  318  313  308  305  306  308  310  311  310  306  299  290
  280  269  257  244  231  218  205  192  178
    50.0-180.0 180.0   5.0 450.0                            LAT/LON1/LON2/DLON/H
  197  185  172  158  143  128  114  103   95   89   86   84   85   86   87   87
   86   84   82   81   81   84   89   94   97   97   94   90   88   89   97  112
  130  149  167  181  193  205  220  237  257  275  291  302  310  316  322  329
  336  342  344  343  338  331  326  322  322  324  325  326  324  320  313  305
  295  283  271  259  246  233  221  209  197
    47.5-180.0 180.0   5.0 450.0                            LAT/LON1/LON2/DLON/H
  211  203  194  183  169  153  136  121  108   99   93   90   90   92   94   96
   96   94   92   90   91   93   98  102  104  103   99   92   88   89   98  114
  137  160  181  198  212  225  239  256  276  294  310  322  329  336  342  349
  356  362  364  361  355  347  340  335  333  332  332  331  329  324  318  310
  301  290  279  266  253  241  229  220  211
    45.0-180.0 180.0   5.0 450.0                            LAT/LON1/LON2/DLON/H
  213  210  207  201  191  176  160  142  126  113  104  100   99  102  105  108
  109  108  107  106  107  109  113  115  116  113  106   97   90   90   99  118
  143  170  194  214  228  241  256  272  291  310  327  339  348  355  362  369
  376  380  381  378  370  360  350  342  337  334  330  327  322  317  312  305
  296  286  274  261  248  235  225  217  213
    42.5-180.0 180.0   5.0 450.0                            LAT/LON1/LON2/DLON/H
  198  200  204  205  202  193  179  162  144  129  119  113  112  114  117  121
  123  124  125  125  126  128  131  131  129  123  113  102   93   92  100  120
  147  176  203  224  239  253  267  284  303  323  341  355  366  375  382  389
  395  399  398  393  384  373  361  350  341  334  326  318  311  305  299  292
  284  273  261  247  232  218  206  200  198
    40.0-180.0 180.0   5.0 450.0                            LAT/LON1/LON2/DLON/H
  169  175  183  192  197  195  187  174  159  144  133  127  125  127  130  134
  137  139  141  142  144  146  147  146  141  132  120  106   96   93  101  120
  148  178  205  227  244  258  274  291  312  333  353  371  384  395  404  411
  416  419  418  413  404  392  380  367  356  344  331  319  308  299  291  283
  273  260  245  228  210  193  179  170  169
    37.5-180.0 180.0   5.0 450.0                            LAT/LON1/LON2/DLON/H
  136  140  151  165  177  183  183  176  166  154  145  140  138  140  142  146
  148  150  152  155  157  159  159  156  149  137  123  108   97   94  101  120
  147  176  203  225  243  259  277  297  319  343  366  386  403  417  428  436
  442  445  446  443  436  427  416  405  392  377  361  344  328  315  303  290
  276  258  239  217  195  172  153  140  136
    35.0-180.0 180.0   5.0 450.0                            LAT/LON1/LON2/DLON/H
  111  109  117  131  146  159  166  167  163  157  152  149  149  150  152  154
  156  158  159  161  164  165  165  160  151  138  123  109   98   94  102  119
  144  171  197  219  239  258  279  302  327  354  379  403  423  441  455  466
  474  480  485  487  486  482  477  469  458  443  424  402  382  363  345  326
  304  280  254  227  199  170  143  123  111
    32.5-180.0 180.0   5.0 450.0                            LAT/LON1/LON2/DLON/H
  109   97   95  103  116  131  143  150  152  152  152  153  155  158  159  161
  161  161  161  162  164  165  164  159  150  137  122  108   99   96  104  120
  143  167  191  213  235  258  283  310  338  367  395  421  445  467  486  501
  513  525  536  546  553  558  560  560  554  542  522  498  472  448  423  396
  365  333  299  266  232  197  162  132  109
    30.0-180.0 180.0   5.0 450.0                            LAT/LON1/LON2/DLON/H
  141  115   99   94   99  110  122  131  138  143  147  152  157  161  163  165
  165  163  161  160  160  161  161  156  147  135  121  109  101  100  107  123
  143  165  187  209  233  260  290  321  353  384  413  442  469  495  518  539
  558  577  596  616  633  648  659  668  670  663  646  621  592  562  531  495
  456  415  375  337  299  258  216  176  141
    27.5-180.0 180.0   5.0 450.0                            LAT/LON1/LON2/DLON/H
  208  167  134  113  104  105  112  120  126  133  140  148  155  161  165  167
  168  166  162  159  157  158  158  154  146  134  122  111  104  104  112  127
  146  166  186  208  234  265  300  336  371  403  434  464  494  523  552  579
  604  631  659  687  714  737  757  775  787  787  775  751  722  689  653  611
  565  518  474  433  392  348  302  254  208
    25.0-180.0 180.0   5.0 450.0                            LAT/LON1/LON2/DLON/H
  301  248  200  161  136  124  120  121  124  128  134  143  151  158  164  169
  172  171  166  160  157  157  158  155  148  137  125  114  108  109  117  132
  150  168  187  209  238  273  312  352  390  424  456  486  518  551  584  616
  648  680  715  749  781  810  837  862  882  890  884  865  838  806  768  723
  674  625  580  538  498  454  406  354  301
    22.5-180.0 180.0   5.0 450.0                            LAT/LON1/LON2/DLON/H
  404  345  285  232  191  165  149  140  134  132  134  140  147  155  163  171
  177  178  173  166  162  161  162  160  153  141  128  117  110  110  119  134
  153  171  190  214  244  282  325  368  409  445  477  509  541  576  612  647
  682  718  754  790  823  852  880  910  935  951  951  939  917  889  854  811
  764  716  674  635  596  555  509  458  404
    20.0-180.0 180.0   5.0 450.0                            LAT/LON1/LON2/DLON/H
  494  436  373  312  261  222  196  175  159  148  143  143  146  152  161  172
  182  186  182  175  169  168  169  167  159  146  131  117  109  108  117  133
  153  173  194  219  252  292  337  383  426  464  497  529  562  597  634  669
  703  737  772  804  831  856  881  909  937  957  964  959  945  925  897  861
  819  777  740  706  670  631  589  544  494
    17.5-180.0 180.0   5.0 450.0                            LAT/LON1/LON2/DLON/H
  553  504  446  385  330  286  251  222  196  176  162  154  151  153  160  173
  185  192  190  183  177  175  175  172  162  147  129  113  102  100  109  127
  150  174  198  225  259  301  347  395  439  479  514  547  580  614  648  681
  710  739  766  790  808  823  840  863  889  911  924  926  922  912  894  867
  834  801  770  740  707  670  632  594  553
    15.0-180.0 180.0   5.0 450.0                            LAT/LON1/LON2/DLON/H
  571  535  489  436  386  343  307  273  241  212  189  174  163  159  162  173
  186  195  194  187  180  178  178  173  161  143  122  104   91   88   97  118
  145  174  202  232  267  308  355  403  448  490  527  561  594  626  656  682
  704  724  741  755  762  766  773  788  809  830  846  855  860  861  854  838
  815  791  767  739  705  667  631  601  571
    12.5-180.0 180.0   5.0 450.0                            LAT/LON1/LON2/DLON/H
  550  529  498  460  421  385  353  321  286  253  224  201  183  171  168  174
  185  193  192  185  178  175  174  168  154  134  111   91   78   74   84  108
  140  174  206  238  273  314  359  406  452  496  535  570  602  632  657  676
  690  700  707  711  708  702  700  707  722  741  757  772  785  795  797  790
  776  759  739  711  673  631  594  568  550
    10.0-180.0 180.0   5.0 450.0                            LAT/LON1/LON2/DLON/H
  502  494  479  457  433  410  387  360  329  295  264  235  210  190  179  177
  182  186  183  176  169  166  164  157  142  121   99   79   65   61   73  100
  136  175  210  244  279  318  360  405  450  495  536  573  605  633  654  666
  672  674  674  672  664  653  645  646  655  670  686  703  721  736  744  743
  735  723  705  674  629  579  537  513  502
     7.5-180.0 180.0   5.0 450.0                            LAT/LON1/LON2/DLON/H
  449  449  447  439  429  419  408  390  365  335  304  273  243  215  195  184
  180  177  171  161  154  151  149  143  128  108   87   69   56   54   67   96
  136  178  216  250  283  319  358  400  443  487  529  568  602  629  646  655
  656  654  653  650  643  634  626  624  629  640  654  671  690  706  715  715
  709  699  680  645  592  533  484  456  449
     5.0-180.0 180.0   5.0 450.0                            LAT/LON1/LON2/DLON/H
  411  414  418  420  420  421  420  412  396  371  342  311  278  246  217  196
  181  170  158  146  138  135  133  128  116   98   81   65   55   54   68   99
  140  183  221  254  285  317  352  390  430  473  516  556  592  619  636  644
  645  645  647  650  651  650  647  648  652  660  670  684  700  712  717  713
  705  694  674  635  576  509  453  421  411
     2.5-180.0 180.0   5.0 450.0                            LAT/LON1/LON2/DLON/H
  405  405  409  414  419  426  431  431  421  403  378  348  315  279  243  213
  188  168  149  134  124  121  120  116  107   94   80   68   60   60   75  106
  147  190  226  256  284  313  343  377  413  453  496  539  576  605  625  635
  641  647  657  671  685  696  705  711  717  722  729  737  746  750  745  735
  723  710  689  648  586  516  456  419  405
