c1pg0740.15i
     1.0            IONOSPHERE MAPS     GNSS                IONEX VERSION / TYPE
IONINX V5.3         AIUB                15-MAR-15 07:56     PGM / RUN BY / DATE 
CODE'S 1-DAY PREDICTED IONOSPHERE MAPS FOR DAY 074, 2015    COMMENT             
Global ionosphere maps (GIM) are generated on a daily basis DESCRIPTION         
at CODE using data from about 120 GNSS sites of the IGS and DESCRIPTION         
other institutions. The vertical total electron content     DESCRIPTION         
(VTEC) is modeled in a solar-geomagnetic reference frame    DESCRIPTION         
using a spherical harmonics expansion up to degree and      DESCRIPTION         
order 15. Piece-wise linear functions are used for          DESCRIPTION         
representation in the time domain. The time spacing of      DESCRIPTION         
their vertices is 1 hour, conforming with the epochs of the DESCRIPTION         
VTEC maps. Instrumental biases, so-called differential      DESCRIPTION         
P1-P2 code biases (DCB), for all GNSS satellites and ground DESCRIPTION         
stations are estimated as constant values for each day,     DESCRIPTION         
simultaneously with the 25 times 256, or 6400 parameters    DESCRIPTION         
used to represent the global VTEC distribution. The DCB     DESCRIPTION         
datum is defined by a zero-mean condition imposed on the    DESCRIPTION         
satellite bias estimates. P1-C1 bias corrections are taken  DESCRIPTION         
into account if needed. To convert line-of-sight TEC into   DESCRIPTION         
vertical TEC, a modified single-layer model mapping         DESCRIPTION         
function approximating the JPL extended slab model mapping  DESCRIPTION         
function is adopted. The mapping function is evaluated at   DESCRIPTION         
geodetic satellite elevation angles. For the computation of DESCRIPTION         
the ionospheric pierce points, a spherical layer with a     DESCRIPTION         
radius of 6821 km is assumed, implying geocentric, not      DESCRIPTION         
geodetic IONEX latitudes.                                   DESCRIPTION         
Contact address: code(at)aiub.unibe.ch                      DESCRIPTION         
Web page:        www.aiub.unibe.ch/content/ionosphere/      DESCRIPTION         
Data archive:    ftp.unibe.ch/aiub/CODE/                    DESCRIPTION         
                 www.aiub.unibe.ch/download/CODE/           DESCRIPTION         
  2015     3    15     0     0     0                        EPOCH OF FIRST MAP  
  2015     3    16     0     0     0                        EPOCH OF LAST MAP   
  3600                                                      INTERVAL            
    25                                                      # OF MAPS IN FILE   
  NONE                                                      MAPPING FUNCTION    
    10.0                                                    ELEVATION CUTOFF    
One-way carrier phase leveled to code                       OBSERVABLES USED    
  6371.0                                                    BASE RADIUS         
     2                                                      MAP DIMENSION       
   450.0 450.0   0.0                                        HGT1 / HGT2 / DHGT  
    87.5 -87.5  -2.5                                        LAT1 / LAT2 / DLAT  
  -180.0 180.0   5.0                                        LON1 / LON2 / DLON  
    -1                                                      EXPONENT            
TEC/RMS values in 0.1 TECU; 9999, if no value available     COMMENT             
                                                            END OF HEADER       
[from data line 7293]
    18                                                      START OF TEC MAP    
  2015     3    15    17     0     0                        EPOCH OF CURRENT MAP
    87.5-180.0 180.0   5.0 450.0                            LAT/LON1/LON2/DLON/H
  168  170  172  174  175  177  178  179  181  181  182  183  183  184  184  184
  183  183  182  181  180  179  178  177  175  174  172  170  168  166  165  163
  161  159  157  155  153  151  150  148  146  145  144  143  141  141  140  139
  139  139  139  139  139  140  140  141  142  143  144  145  147  148  150  152
  153  155  157  159  161  163  165  167  168
    85.0-180.0 180.0   5.0 450.0                            LAT/LON1/LON2/DLON/H
  165  169  172  175  178  181  183  186  188  190  192  193  194  195  195  195
  194  194  192  191  189  187  185  182  180  177  174  171  168  164  161  158
  154  151  148  144  141  138  135  132  129  127  124  122  120  118  117  116
  115  115  115  115  116  116  118  119  120  122  124  127  129  131  134  137
  140  143  146  149  152  155  159  162  165
    82.5-180.0 180.0   5.0 450.0                            LAT/LON1/LON2/DLON/H
  154  158  162  166  171  175  178  182  185  188  191  193  195  196  197  197
  197  196  194  193  190  188  185  182  179  175  171  168  164  160  156  152
  148  144  140  136  132  128  124  121  117  114  111  108  105  103  101  100
   99   98   98   99   99  100  102  103  105  107  110  112  115  117  120  123
  126  129  132  136  139  143  146  150  154
    80.0-180.0 180.0   5.0 450.0                            LAT/LON1/LON2/DLON/H
  138  142  147  151  156  160  165  170  174  179  182  186  188  190  192  193
  193  192  191  189  188  185  182  179  176  172  169  165  161  156  152  148
  144  140  137  133  129  125  122  118  114  111  107  104  101   98   96   94
   93   93   93   93   94   95   97   98  100  102  103  105  107  109  111  113
  115  117  120  122  125  128  131  135  138
    77.5-180.0 180.0   5.0 450.0                            LAT/LON1/LON2/DLON/H
  122  125  129  133  138  143  148  154  159  165  170  174  178  181  184  186
  187  187  187  186  185  184  182  180  177  174  170  166  162  158  154  150
  146  143  139  136  133  130  127  124  121  117  113  110  107  104  101  100
   99   98   98   99  100  101  102  103  104  105  105  106  106  107  107  108
  108  109  110  111  113  114  116  119  122
    75.0-180.0 180.0   5.0 450.0                            LAT/LON1/LON2/DLON/H
  108  111  114  118  122  127  132  139  145  151  158  163  169  173  177  180
  183  184  186  187  188  188  188  187  185  182  179  174  170  165  161  157
  153  150  148  145  144  142  140  137  134  131  127  123  120  116  114  112
  111  110  111  111  112  113  114  114  114  113  112  111  110  108  107  106
  105  105  104  104  104  104  105  107  108
    72.5-180.0 180.0   5.0 450.0                            LAT/LON1/LON2/DLON/H
  101  102  105  108  111  116  121  127  134  141  149  156  163  169  174  179
  183  187  190  194  197  200  202  203  202  200  196  190  185  179  173  168
  164  161  159  158  157  156  155  153  151  147  143  139  135  130  127  125
  123  123  123  124  125  125  125  125  123  121  118  115  112  109  107  105
  103  102  100   99   99   99   99   99  101
    70.0-180.0 180.0   5.0 450.0                            LAT/LON1/LON2/DLON/H
   98  100  102  104  107  111  115  121  128  136  144  153  160  168  175  181
  187  194  200  207  213  219  223  226  226  223  219  212  204  196  188  182
  177  174  172  171  171  171  170  169  166  162  157  152  146  141  136  132
  130  129  129  130  131  131  130  128  125  121  117  113  109  105  103  101
   99   98   97   96   95   95   96   97   98
    67.5-180.0 180.0   5.0 450.0                            LAT/LON1/LON2/DLON/H
   98  100  103  105  107  110  114  120  126  134  143  152  162  170  178  186
  194  203  212  222  232  240  247  251  252  250  244  235  225  215  205  197
  191  188  186  185  185  184  183  181  177  172  166  159  151  143  136  131
  127  125  124  125  125  125  123  121  117  112  107  102   98   95   93   91
   91   91   90   91   91   92   93   96   98
    65.0-180.0 180.0   5.0 450.0                            LAT/LON1/LON2/DLON/H
   97  101  104  107  109  112  115  120  127  135  144  154  164  173  183  192
  202  213  224  237  249  260  269  274  276  273  266  256  244  232  222  213
  207  203  200  199  198  196  193  189  184  177  168  159  149  138  129  121
  115  111  110  109  109  108  107  103   99   94   88   84   80   78   78   78
   79   80   82   83   84   86   89   93   97
    62.5-180.0 180.0   5.0 450.0                            LAT/LON1/LON2/DLON/H
   93   98  103  107  110  112  115  120  127  136  146  156  167  177  187  197
  208  220  234  248  262  274  284  290  292  289  282  272  260  248  238  230
  224  220  217  215  212  207  202  195  187  178  167  155  143  130  118  107
   99   93   89   88   87   86   85   82   78   73   68   64   62   61   62   64
   67   69   71   73   75   78   82   87   93
    60.0-180.0 180.0   5.0 450.0                            LAT/LON1/LON2/DLON/H
   84   91   98  103  107  110  114  119  127  136  147  159  169  180  190  201
  213  226  240  255  269  281  291  297  300  297  291  282  272  263  254  248
  244  241  238  233  228  220  211  201  190  178  165  152  137  123  108   95
   85   77   72   69   67   67   66   63   60   56   52   49   48   49   52   55
   58   61   62   64   65   68   72   77   84
    57.5-180.0 180.0   5.0 450.0                            LAT/LON1/LON2/DLON/H
   74   81   89   96  101  106  111  118  127  138  150  162  173  184  194  206
  218  232  246  259  271  282  290  296  299  298  295  289  283  277  272  269
  267  265  261  255  246  235  222  208  194  180  166  152  137  122  106   92
   80   71   64   60   58   57   57   56   54   51   49   47   47   48   51   55
   57   59   59   59   59   59   62   67   74
    55.0-180.0 180.0   5.0 450.0                            LAT/LON1/LON2/DLON/H
   65   72   80   88   96  102  109  118  130  143  157  170  181  191  202  213
  226  239  252  263  272  280  286  291  294  296  295  294  292  291  291  292
  292  290  286  278  266  251  235  218  201  186  172  158  143  129  115  101
   89   78   71   66   63   62   62   63   62   61   60   58   59   60   63   65
   66   66   64   62   59   57   57   60   65
    52.5-180.0 180.0   5.0 450.0                            LAT/LON1/LON2/DLON/H
   62   67   76   85   94  102  112  124  138  154  170  183  194  203  214  225
  238  251  262  269  274  278  282  286  290  294  297  300  303  307  310  313
  314  313  308  298  284  267  248  229  211  195  181  168  156  143  131  120
  109   99   91   85   82   81   81   83   84   84   83   82   81   82   83   84
   84   81   77   73   68   63   60   59   62
    50.0-180.0 180.0   5.0 450.0                            LAT/LON1/LON2/DLON/H
   67   70   78   87   98  109  121  136  153  171  188  202  212  221  231  242
  255  267  275  280  281  281  282  285  290  295  302  308  315  321  326  329
  331  329  322  312  297  279  259  239  221  205  191  180  170  161  152  143
  135  127  119  113  108  106  107  109  111  111  111  110  109  108  108  107
  105  101   96   90   84   78   72   68   67
    47.5-180.0 180.0   5.0 450.0                            LAT/LON1/LON2/DLON/H
   80   81   87   98  110  123  138  154  174  194  212  225  235  242  251  262
  275  286  292  294  292  290  289  291  296  302  310  318  326  332  336  338
  338  335  328  318  304  287  268  249  230  214  200  190  181  175  169  164
  159  153  146  139  133  130  130  132  134  135  135  133  132  130  129  128
  125  120  115  110  104   98   91   84   80
    45.0-180.0 180.0   5.0 450.0                            LAT/LON1/LON2/DLON/H
   98   97  102  113  127  142  159  177  198  219  238  251  259  265  273  283
  295  305  310  310  307  303  302  303  308  314  321  328  334  338  340  339
  337  333  327  318  306  292  276  258  239  221  207  196  188  182  178  176
  173  169  163  155  148  144  143  144  147  148  147  145  143  142  141  140
  137  134  130  127  123  118  112  104   98
    42.5-180.0 180.0   5.0 450.0                            LAT/LON1/LON2/DLON/H
  116  113  118  130  146  163  180  200  221  244  263  276  283  287  293  302
  312  321  325  325  323  320  320  321  323  327  331  336  339  339  338  336
  333  329  324  318  310  299  285  268  248  229  212  198  189  183  179  177
  175  172  167  159  150  144  142  143  144  145  144  142  140  140  141  141
  140  138  136  135  135  134  129  122  116
    40.0-180.0 180.0   5.0 450.0                            LAT/LON1/LON2/DLON/H
  127  125  130  143  161  179  198  218  241  264  283  297  303  305  309  316
  325  332  337  338  338  339  339  340  340  340  341  342  342  340  337  335
  333  332  331  327  322  314  302  284  262  239  219  202  189  180  174  171
  168  165  160  151  141  133  130  130  131  131  130  128  127  129  132  134
  134  134  134  135  138  140  139  133  127
    37.5-180.0 180.0   5.0 450.0                            LAT/LON1/LON2/DLON/H
  130  128  134  148  168  189  209  230  253  277  298  312  318  320  321  326
  332  339  344  348  352  356  359  358  355  351  349  348  347  345  344  345
  349  353  356  355  351  343  330  310  285  258  233  212  196  183  173  166
  161  156  149  140  129  120  116  115  115  115  113  112  112  116  120  124
  126  126  126  128  132  136  137  135  130
    35.0-180.0 180.0   5.0 450.0                            LAT/LON1/LON2/DLON/H
  124  123  129  144  166  189  212  234  258  283  306  322  329  330  331  333
  337  343  349  356  364  372  376  374  369  362  359  359  360  363  367  376
  388  400  407  407  401  389  372  348  319  287  258  235  216  199  184  172
  163  156  148  137  126  117  112  110  110  108  106  105  106  110  116  121
  123  122  119  118  120  125  128  127  124
    32.5-180.0 180.0   5.0 450.0                            LAT/LON1/LON2/DLON/H
  112  111  117  133  156  182  207  231  257  284  309  328  337  340  340  340
  342  347  354  365  377  387  392  389  381  375  374  379  387  397  411  431
  454  475  485  483  471  452  428  399  364  329  297  272  252  232  214  197
  184  174  165  154  142  134  128  125  123  120  118  116  118  122  127  131
  131  126  118  112  109  111  114  114  112
    30.0-180.0 180.0   5.0 450.0                            LAT/LON1/LON2/DLON/H
   99   98  103  118  142  170  198  225  252  282  309  332  345  350  350  350
  352  356  364  377  391  402  406  403  396  393  399  412  430  451  477  508
  543  571  584  576  555  526  493  456  417  379  347  323  303  283  263  243
  228  216  205  194  183  175  169  165  161  156  152  150  151  154  157  158
  154  144  129  115  105  101  102  102   99
    27.5-180.0 180.0   5.0 450.0                            LAT/LON1/LON2/DLON/H
   92   89   91  105  129  159  190  219  248  279  309  335  353  362  365  366
  368  372  381  394  408  418  421  418  415  419  436  461  491  522  558  600
  644  678  689  674  640  599  557  514  472  432  401  379  362  344  325  305
  289  276  266  255  246  238  231  225  218  211  206  204  202  202  201  198
  189  174  152  129  111  101   97   96   92
    25.0-180.0 180.0   5.0 450.0                            LAT/LON1/LON2/DLON/H
   93   88   87   98  121  152  185  216  246  278  310  340  362  375  382  386
  390  396  406  417  428  435  437  436  440  456  485  522  562  601  643  692
  741  776  783  759  714  662  612  566  521  480  450  431  417  404  387  371
  357  346  337  328  320  312  304  295  284  275  269  265  262  258  253  244
  231  210  182  152  126  110  102   98   93
    22.5-180.0 180.0   5.0 450.0                            LAT/LON1/LON2/DLON/H
  103   95   91   99  121  152  186  218  248  280  313  344  370  389  402  411
  418  427  435  444  450  454  455  459  473  501  543  591  636  678  720  768
  816  848  849  817  763  705  652  603  558  518  487  469  459  449  438  426
  418  411  405  398  390  382  372  359  346  334  326  321  316  309  299  286
  268  244  213  179  148  127  116  110  103
    20.0-180.0 180.0   5.0 450.0                            LAT/LON1/LON2/DLON/H
  118  108  102  107  127  157  191  223  253  284  316  349  379  403  422  436
  449  460  468  473  474  474  476  487  512  552  604  657  703  741  776  817
  857  883  878  841  784  724  672  626  581  540  508  488  477  471  465  460
  458  457  455  450  443  435  423  406  388  373  364  358  352  343  329  312
  292  267  236  202  170  147  134  126  118
    17.5-180.0 180.0   5.0 450.0                            LAT/LON1/LON2/DLON/H
  133  122  114  118  136  166  200  231  260  289  320  353  386  415  439  461
  479  493  500  501  497  494  500  519  555  605  662  714  754  781  804  831
  860  877  868  830  776  722  676  635  592  548  511  486  472  466  464  466
  472  477  479  476  471  461  447  427  405  387  376  370  363  352  337  318
  298  274  246  215  186  164  150  142  133
    15.0-180.0 180.0   5.0 450.0                            LAT/LON1/LON2/DLON/H
  143  132  124  127  145  175  209  239  267  294  325  358  392  425  455  482
  505  522  529  527  520  517  527  556  601  656  710  755  783  796  803  813
  829  838  827  793  748  705  670  636  595  548  503  470  449  440  441  449
  461  472  477  477  472  462  446  424  399  378  364  356  349  337  321  303
  283  263  240  216  192  172  160  152  143
    12.5-180.0 180.0   5.0 450.0                            LAT/LON1/LON2/DLON/H
  143  133  127  131  151  181  215  246  273  300  330  363  398  433  468  499
  527  546  553  550  542  541  558  594  645  699  745  777  791  789  780  775
  777  779  770  745  714  686  663  636  597  545  493  449  420  406  407  418
  435  451  459  460  455  446  429  405  378  354  337  327  317  305  290  272
  255  238  221  204  186  171  160  152  143
    10.0-180.0 180.0   5.0 450.0                            LAT/LON1/LON2/DLON/H
  135  126  122  129  151  183  218  250  278  307  338  371  407  443  479  514
  543  564  572  569  564  568  592  634  685  732  766  783  782  767  747  731
  723  721  716  703  688  675  664  643  604  549  488  436  399  380  378  391
  410  427  437  439  435  425  408  384  356  330  310  294  282  268  253  237
  221  207  195  184  173  162  152  144  135
     7.5-180.0 180.0   5.0 450.0                            LAT/LON1/LON2/DLON/H
  121  113  111  122  147  182  219  253  284  315  348  383  418  454  490  525
  556  577  587  587  586  597  627  673  720  756  774  775  764  743  718  696
  684  681  682  681  679  679  675  658  619  561  496  438  396  373  369  381
  399  416  425  427  423  414  398  375  347  319  294  273  255  238  223  207
  192  180  171  165  158  149  140  131  121
     5.0-180.0 180.0   5.0 450.0                            LAT/LON1/LON2/DLON/H
  107   99   99  113  142  179  219  255  290  325  361  397  433  468  502  535
  565  586  598  602  608  626  661  707  747  769  773  763  747  727  704  684
  672  670  676  683  691  697  697  679  640  583  518  459  416  392  387  396
  412  425  432  433  428  419  405  383  358  329  299  271  245  224  206  190
  175  163  155  151  146  138  128  118  107
     2.5-180.0 180.0   5.0 450.0                            LAT/LON1/LON2/DLON/H
   98   90   91  107  139  179  220  259  297  336  376  414  449  482  514  544
  571  592  606  616  629  654  692  733  764  774  766  751  737  724  711  697
  689  689  698  710  720  726  723  703  663  608  548  495  457  435  429  435
  446  455  459  457  451  442  428  409  386  358  324  289  255  228  207  190
  173  160  152  147  142  133  122  110   98
