c1pg0740.15i
     1.0            IONOSPHERE MAPS     GNSS                IONEX VERSION / TYPE
IONINX V5.3         AIUB                15-MAR-15 07:56     PGM / RUN BY / DATE 
CODE'S 1-DAY PREDICTED IONOSPHERE MAPS FOR DAY 074, 2015    COMMENT             
Global ionosphere maps (GIM) are generated on a daily basis DESCRIPTION         
at CODE using data from about 120 GNSS sites of the IGS and DESCRIPTION         
other institutions. The vertical total electron content     DESCRIPTION         
(VTEC) is modeled in a solar-geomagnetic reference frame    DESCRIPTION         
using a spherical harmonics expansion up to degree and      DESCRIPTION         
order 15. Piece-wise linear functions are used for          DESCRIPTION         
representation in the time domain. The time spacing of      DESCRIPTION         
their vertices is 1 hour, conforming with the epochs of the DESCRIPTION         
VTEC maps. Instrumental biases, so-called differential      DESCRIPTION         
P1-P2 code biases (DCB), for all GNSS satellites and ground DESCRIPTION         
stations are estimated as constant values for each day,     DESCRIPTION         
simultaneously with the 25 times 256, or 6400 parameters    DESCRIPTION         
used to represent the global VTEC distribution. The DCB     DESCRIPTION         
datum is defined by a zero-mean condition imposed on the    DESCRIPTION         
satellite bias estimates. P1-C1 bias corrections are taken  DESCRIPTION         
into account if needed. To convert line-of-sight TEC into   DESCRIPTION         
vertical TEC, a modified single-layer model mapping         DESCRIPTION         
function approximating the JPL extended slab model mapping  DESCRIPTION         
function is adopted. The mapping function is evaluated at   DESCRIPTION         
geodetic satellite elevation angles. For the computation of DESCRIPTION         
the ionospheric pierce points, a spherical layer with a     DESCRIPTION         
radius of 6821 km is assumed, implying geocentric, not      DESCRIPTION         
geodetic IONEX latitudes.                                   DESCRIPTION         
Contact address: code(at)aiub.unibe.ch                      DESCRIPTION         
Web page:        www.aiub.unibe.ch/content/ionosphere/      DESCRIPTION         
Data archive:    ftp.unibe.ch/aiub/CODE/                    DESCRIPTION         
                 www.aiub.unibe.ch/download/CODE/           DESCRIPTION         
  2015     3    15     0     0     0                        EPOCH OF FIRST MAP  
  2015     3    16     0     0     0                        EPOCH OF LAST MAP   
  3600                                                      INTERVAL            
    25                                                      # OF MAPS IN FILE   
  NONE                                                      MAPPING FUNCTION    
    10.0                                                    ELEVATION CUTOFF    
One-way carrier phase leveled to code                       OBSERVABLES USED    
  6371.0                                                    BASE RADIUS         
     2                                                      MAP DIMENSION       
   450.0 450.0   0.0                                        HGT1 / HGT2 / DHGT  
    87.5 -87.5  -2.5                                        LAT1 / LAT2 / DLAT  
  -180.0 180.0   5.0                                        LON1 / LON2 / DLON  
    -1                                                      EXPONENT            
TEC/RMS values in 0.1 TECU; 9999, if no value available     COMMENT             
                                                            END OF HEADER       
[from data line 4719]
    12                                                      START OF TEC MAP    
  2015     3    15    11     0     0                        EPOCH OF CURRENT MAP
    87.5-180.0 180.0   5.0 450.0                            LAT/LON1/LON2/DLON/H
  113  115  117  119  122  124  126  128  131  133  135  137  139  140  142  143
  145  146  147  148  149  150  150  151  151  151  151  151  151  150  150  149
  148  147  146  145  143  142  140  138  136  134  132  129  127  125  122  120
  117  115  113  111  109  107  106  104  103  102  101  101  100  100  100  101
  101  102  103  104  106  107  109  111  113
    85.0-180.0 180.0   5.0 450.0                            LAT/LON1/LON2/DLON/H
  100  104  108  112  116  120  124  128  132  136  139  142  145  148  150  152
  154  156  157  158  159  160  161  162  162  163  163  163  164  164  163  163
  162  161  160  159  157  155  152  149  146  142  138  134  130  126  121  117
  112  108  103   99   96   92   89   86   83   81   79   78   77   77   77   77
   78   80   82   84   86   89   93   96  100
    82.5-180.0 180.0   5.0 450.0                            LAT/LON1/LON2/DLON/H
   91   96  101  106  111  116  121  126  131  135  138  142  144  147  149  151
  152  153  154  155  156  157  158  159  160  161  162  163  164  166  167  168
  169  169  169  169  168  166  164  161  158  154  149  144  139  133  128  122
  116  110  104   99   93   89   84   80   76   73   71   69   67   66   66   66
   67   68   70   72   75   78   82   86   91
    80.0-180.0 180.0   5.0 450.0                            LAT/LON1/LON2/DLON/H
   87   91   96  101  107  112  117  121  125  129  132  135  137  138  139  140
  140  141  141  141  142  143  143  145  146  148  150  153  156  159  162  165
  168  171  173  175  176  176  175  174  171  168  164  159  153  148  142  135
  129  123  117  111  105  100   95   91   87   83   79   77   74   72   71   70
   69   70   70   72   74   76   79   83   87
    77.5-180.0 180.0   5.0 450.0                            LAT/LON1/LON2/DLON/H
   87   90   94   98  102  107  111  114  117  120  121  122  123  123  123  122
  122  122  122  122  122  123  124  126  128  131  135  139  143  148  153  158
  164  169  173  178  181  183  185  185  184  182  179  176  171  166  161  156
  150  145  140  135  130  125  121  116  112  107  103   99   96   93   90   87
   85   83   82   81   81   81   82   84   87
    75.0-180.0 180.0   5.0 450.0                            LAT/LON1/LON2/DLON/H
   89   90   93   95   99  102  105  107  109  109  109  108  107  105  104  103
  102  102  102  103  104  106  108  111  114  118  122  127  132  138  145  152
  159  166  172  179  184  189  192  195  196  196  194  192  189  186  182  179
  175  171  168  165  161  158  154  150  145  140  135  130  125  120  115  111
  106  102   99   95   92   90   89   88   89
    72.5-180.0 180.0   5.0 450.0                            LAT/LON1/LON2/DLON/H
   91   90   91   93   95   98  100  101  100   99   97   94   91   88   86   85
   84   85   87   90   93   96   99  103  108  112  117  123  129  135  142  149
  157  164  172  179  186  192  198  202  205  206  207  206  205  204  202  200
  198  197  195  194  192  190  187  183  178  172  166  159  152  146  139  132
  126  120  114  108  103   99   95   92   91
    70.0-180.0 180.0   5.0 450.0                            LAT/LON1/LON2/DLON/H
   90   88   88   90   92   94   95   96   94   91   87   82   77   73   71   71
   72   75   79   84   89   94  100  105  111  116  122  127  133  139  145  152
  159  166  174  181  188  195  202  207  211  214  216  217  217  217  216  216
  216  216  216  216  216  214  211  207  201  194  187  178  170  161  153  145
  138  130  123  116  109  102   97   93   90
    67.5-180.0 180.0   5.0 450.0                            LAT/LON1/LON2/DLON/H
   85   83   83   85   87   90   91   91   89   85   80   73   67   63   61   62
   65   70   77   84   92   99  106  113  120  127  133  138  144  149  154  159
  165  171  178  184  192  198  205  211  216  220  223  225  226  226  225  225
  226  227  228  229  229  227  224  219  212  204  195  185  175  165  156  147
  138  130  122  115  107  100   94   89   85
    65.0-180.0 180.0   5.0 450.0                            LAT/LON1/LON2/DLON/H
   78   76   76   77   80   84   86   87   85   81   75   68   61   57   56   58
   63   70   78   87   96  105  114  122  130  138  145  151  156  161  165  169
  174  179  184  190  197  203  210  216  222  226  230  232  232  232  231  230
  230  230  231  231  231  230  226  220  212  203  192  181  170  159  149  140
  131  123  116  108  101   94   87   82   78
    62.5-180.0 180.0   5.0 450.0                            LAT/LON1/LON2/DLON/H
   71   68   67   69   72   76   79   81   80   77   71   64   58   54   53   57
   63   71   80   90   99  108  117  127  136  146  154  161  167  172  176  180
  184  189  194  199  205  211  217  223  229  234  237  239  239  237  235  233
  231  230  230  229  229  226  222  216  207  197  186  174  163  152  142  132
  124  116  108  101   94   88   81   76   71
    60.0-180.0 180.0   5.0 450.0                            LAT/LON1/LON2/DLON/H
   69   64   61   61   63   67   71   73   74   72   68   62   57   54   54   58
   64   73   81   89   97  105  113  124  135  146  157  166  173  179  184  189
  195  200  206  211  216  222  228  234  240  245  248  249  248  246  242  237
  234  231  229  228  227  224  220  214  206  196  185  173  162  152  141  132
  123  115  107  100   94   87   81   74   69
    57.5-180.0 180.0   5.0 450.0                            LAT/LON1/LON2/DLON/H
   74   66   61   57   57   58   62   65   67   67   65   61   58   56   57   61
   67   74   80   85   90   96  103  114  127  140  154  165  174  182  190  197
  205  212  219  226  231  237  242  248  253  258  262  263  261  258  252  247
  241  237  234  232  231  229  226  220  213  204  194  184  174  164  154  144
  134  125  117  109  103   96   89   81   74
    55.0-180.0 180.0   5.0 450.0                            LAT/LON1/LON2/DLON/H
   88   77   68   60   56   54   56   58   61   63   64   63   62   61   63   66
   71   76   79   81   82   85   91  102  116  132  148  161  173  183  193  204
  214  225  235  242  249  254  259  264  269  274  277  279  277  273  267  260
  254  249  246  244  243  242  240  236  231  223  215  206  197  188  178  168
  157  146  137  129  121  114  107   98   88
    52.5-180.0 180.0   5.0 450.0                            LAT/LON1/LON2/DLON/H
  109   96   83   72   63   57   56   57   59   63   66   68   68   69   71   74
   78   80   81   79   76   76   81   92  108  126  143  158  171  183  196  209
  224  238  250  260  267  272  276  281  286  290  294  295  293  289  283  276
  270  265  262  260  260  261  260  258  254  248  241  233  225  216  207  196
  184  172  162  153  145  138  130  121  109
    50.0-180.0 180.0   5.0 450.0                            LAT/LON1/LON2/DLON/H
  133  120  105   91   79   70   64   62   64   68   72   76   79   81   82   85
   87   88   86   82   77   75   80   91  108  127  144  160  173  185  199  214
  232  249  264  275  284  290  294  298  302  306  309  310  308  304  298  292
  286  282  279  278  278  280  280  279  275  269  262  254  246  238  229  218
  206  193  182  173  166  160  154  145  133
    47.5-180.0 180.0   5.0 450.0                            LAT/LON1/LON2/DLON/H
  154  142  129  115  102   91   82   77   76   79   83   88   92   94   95   97
   98   98   96   91   85   83   87   99  116  135  152  166  177  188  202  219
  238  257  274  288  298  305  310  315  319  322  323  323  320  315  310  305
  300  295  292  291  292  293  294  292  286  278  269  260  251  243  235  224
  212  200  189  181  176  173  169  162  154
    45.0-180.0 180.0   5.0 450.0                            LAT/LON1/LON2/DLON/H
  164  158  149  140  129  118  107   99   94   95   98  103  106  108  108  109
  110  111  109  105  100   98  103  115  132  150  165  176  184  193  205  221
  241  261  281  297  310  320  327  332  336  338  338  335  330  325  319  314
  309  305  301  299  299  299  297  293  285  273  260  247  237  228  220  210
  199  188  179  172  170  169  169  168  164
    42.5-180.0 180.0   5.0 450.0                            LAT/LON1/LON2/DLON/H
  160  161  161  158  153  145  134  124  116  113  115  118  121  121  120  120
  121  123  123  121  117  117  122  135  152  168  181  188  192  197  207  222
  241  262  283  303  320  333  343  351  355  357  355  350  343  335  328  323
  318  313  308  304  302  299  295  287  274  257  239  222  209  199  190  181
  171  161  153  148  147  150  154  158  160
    40.0-180.0 180.0   5.0 450.0                            LAT/LON1/LON2/DLON/H
  144  152  160  166  169  166  158  147  137  131  130  132  133  132  130  129
  130  133  135  135  133  134  141  154  170  185  194  197  198  201  208  221
  239  260  283  307  329  348  363  374  380  382  378  371  361  351  344  338
  333  328  321  314  309  303  296  283  265  243  219  198  182  170  160  151
  141  131  122  117  117  122  129  136  144
    37.5-180.0 180.0   5.0 450.0                            LAT/LON1/LON2/DLON/H
  120  132  146  160  171  175  172  162  152  144  141  142  143  141  138  136
  137  140  143  145  145  147  154  168  184  197  203  204  202  203  209  220
  237  259  284  312  340  366  387  402  412  414  410  401  389  379  371  367
  362  356  348  340  332  323  312  296  274  247  219  194  174  159  148  138
  126  113  102   94   92   94  101  110  120
    35.0-180.0 180.0   5.0 450.0                            LAT/LON1/LON2/DLON/H
   97  109  125  144  160  171  173  167  158  150  147  148  149  148  145  142
  142  145  149  150  151  153  161  175  191  203  208  208  206  206  212  223
  239  261  289  322  356  388  416  436  450  454  451  442  431  421  416  413
  411  406  398  389  379  369  356  337  313  284  254  226  203  185  171  157
  142  124  107   93   84   81   83   89   97
    32.5-180.0 180.0   5.0 450.0                            LAT/LON1/LON2/DLON/H
   85   91  103  120  139  154  161  160  155  149  147  149  152  152  150  148
  148  150  152  152  152  154  163  177  193  205  210  211  210  213  220  231
  248  271  301  338  378  416  449  475  492  500  500  494  485  479  478  480
  481  480  474  465  456  445  432  413  389  361  330  301  275  254  236  218
  197  173  147  124  105   93   87   84   85
    30.0-180.0 180.0   5.0 450.0                            LAT/LON1/LON2/DLON/H
   92   87   89   98  113  129  140  145  144  142  143  147  152  155  156  155
  154  155  155  153  151  153  162  177  194  206  213  215  218  225  234  248
  265  289  322  362  405  447  484  514  536  549  553  551  548  548  553  561
  568  571  569  564  556  547  535  518  497  471  443  413  385  360  338  315
  288  256  222  187  158  134  116  102   92
    27.5-180.0 180.0   5.0 450.0                            LAT/LON1/LON2/DLON/H
  120  101   89   86   92  104  117  126  130  133  137  144  151  157  160  161
  161  161  159  154  150  151  161  177  195  209  218  224  232  243  257  272
  292  317  350  391  436  479  518  551  576  594  604  609  613  620  632  648
  661  670  672  671  667  660  650  637  620  599  573  543  513  483  456  429
  398  360  318  275  234  200  170  144  120
    25.0-180.0 180.0   5.0 450.0                            LAT/LON1/LON2/DLON/H
  168  135  107   88   82   87   98  109  118  125  131  140  149  157  163  166
  168  167  163  156  151  152  162  180  199  215  226  236  250  266  285  304
  324  351  384  424  468  510  548  582  610  632  649  660  671  686  705  727
  746  759  766  769  769  765  757  747  734  717  694  664  630  596  565  535
  502  463  417  368  321  278  240  204  168
    22.5-180.0 180.0   5.0 450.0                            LAT/LON1/LON2/DLON/H
  228  184  142  108   89   84   90  101  112  121  128  136  146  155  162  167
  170  170  165  158  152  153  165  185  206  223  236  251  270  292  315  337
  360  386  419  457  497  536  572  605  635  661  682  700  717  737  761  786
  808  824  834  840  842  840  834  826  817  803  780  748  709  670  637  607
  576  539  495  447  399  354  312  271  228
    20.0-180.0 180.0   5.0 450.0                            LAT/LON1/LON2/DLON/H
  289  240  190  144  112   97   97  105  115  123  129  134  141  148  156  162
  167  168  164  157  152  155  168  189  211  230  246  265  289  316  343  368
  392  420  452  487  522  556  588  620  651  679  704  726  747  769  794  818
  838  853  863  870  873  871  866  859  851  838  814  776  731  688  653  626
  601  571  536  496  454  413  373  333  289
    17.5-180.0 180.0   5.0 450.0                            LAT/LON1/LON2/DLON/H
  342  295  242  191  150  126  118  120  126  130  132  133  135  138  144  150
  156  159  157  152  148  153  168  191  214  234  253  276  304  335  365  392
  419  448  478  510  540  569  598  628  659  689  715  738  759  780  801  820
  835  845  852  857  859  856  850  843  835  820  791  747  696  648  613  591
  574  555  533  505  475  445  413  380  342
    15.0-180.0 180.0   5.0 450.0                            LAT/LON1/LON2/DLON/H
  379  341  293  241  196  165  149  144  144  143  138  133  128  126  128  132
  139  143  144  141  139  146  163  188  212  234  256  281  313  347  379  409
  437  467  497  525  551  577  603  633  663  692  719  741  759  775  789  800
  805  807  809  810  809  805  797  789  779  761  726  675  617  567  532  515
  506  500  492  480  465  448  429  407  379
    12.5-180.0 180.0   5.0 450.0                            LAT/LON1/LON2/DLON/H
  399  373  334  288  243  208  186  174  165  157  145  133  122  114  111  113
  118  124  126  125  125  134  153  179  206  230  254  283  317  353  386  417
  447  478  508  534  557  580  606  635  665  693  718  737  751  761  767  767
  763  756  751  747  743  737  728  719  707  685  645  587  524  472  439  426
  424  428  432  435  435  431  424  415  399
    10.0-180.0 180.0   5.0 450.0                            LAT/LON1/LON2/DLON/H
  406  391  364  327  286  250  223  203  186  170  153  135  118  105   97   95
   99  104  106  106  108  119  139  167  196  223  251  283  319  355  388  419
  451  483  513  538  559  582  608  637  667  694  715  732  742  746  744  736
  724  710  698  690  684  676  667  658  645  620  576  514  449  397  366  354
  355  363  376  389  400  407  410  410  406
     7.5-180.0 180.0   5.0 450.0                            LAT/LON1/LON2/DLON/H
  406  401  384  355  321  286  256  229  205  182  159  138  118  101   89   84
   84   87   89   90   92  104  126  156  188  219  249  284  320  356  388  419
  451  484  513  537  559  582  609  640  669  694  713  727  735  736  731  719
  702  683  669  659  651  644  637  629  616  590  544  482  418  368  339  326
  325  331  344  361  377  389  397  403  406
     5.0-180.0 180.0   5.0 450.0                            LAT/LON1/LON2/DLON/H
  407  406  396  375  346  314  282  250  219  191  166  143  123  104   90   81
   78   78   78   77   80   92  117  149  184  218  252  288  324  358  388  418
  450  482  511  535  556  581  610  641  670  693  711  725  733  735  731  719
  703  686  672  662  656  652  647  642  631  605  560  501  442  397  368  352
  343  341  348  362  378  389  396  402  407
     2.5-180.0 180.0   5.0 450.0                            LAT/LON1/LON2/DLON/H
  413  412  405  388  364  334  301  265  230  198  172  150  131  113   97   86
   80   77   74   72   74   88  114  149  187  224  260  296  331  362  390  418
  448  480  508  531  553  579  610  641  668  689  707  722  734  741  742  737
  727  716  706  700  697  695  695  692  683  659  617  564  513  474  447  426
  406  392  388  394  403  409  411  412  413
