casg3020.98i
     1.0            IONOSPHERE MAPS     MIX                 IONEX VERSION / TYPE
GIM_AOE V1.0        LZSH                2015-11-19 05:34:23.0PGM / RUN BY / DATE
Global ionospheric map produced by aoe                      DESCRIPTION
Contact address: Li Zishen                                  DESCRIPTION
                                Chinese Academy of Sciences DESCRIPTION
                              Navigation Headquarter of CAS DESCRIPTION
                 Dengzhuang south Road,Beijing,China,100094 DESCRIPTION
                                   Email:lizishen@aoe.ac.cn DESCRIPTION
  1998    10    29     1     0  0.00                        EPOCH OF FIRST MAP
  1998    10    29    23     0  0.00                        EPOCH OF LAST MAP
  7200.0                                                    INTERVAL
    12                                                      # OF MAPS IN FILE
  COSZ                                                      MAPPING FUNCTION
     0.0                                                    ELEVATION CUTOFF
TEC is obtained by adjusted uncombined raw observation      OBSERVABLES USED
  6371.4                                                    BASE RADIUS 
     2                                                      MAP DIMENSION
   450.0 450.0   0.0                                        HGT1 / HGT2 / DHGT
    87.5 -87.5  -2.5                                        LAT1 / LAT2 / DLAT
  -180.0 180.0   5.0                                        LON1 / LON2 / DLON
    -1                                                      EXPONENT
TEC values in 0.1 tec units;  9999, if no value available   COMMENT
DCB values in nanoseconds, reference is Sum_of_SatDCBs = 0  COMMENT
                                                            END OF HEADER
     1                                                      START OF TEC MAP
  1998    10    29     1     0     0                        EPOCH OF CURRENT MAP
    87.5-180.0 180.0   5.0 450.0                            LAT/LON1/LON2/DLON/H
   52   52   51   50   49   48   47   46   45   44   43   42   40   39   38   37
   36   35   34   33   32   31   31   30   30   29   29   29   29   28   28   28
   28   29   29   29   29   30   30   30   31   31   32   33   33   34   35   36
   36   37   38   39   40   41   42   44   45   46   47   48   49   49   50   51
   52   52   52   53   53   53   53   53   52
    85.0-180.0 180.0   5.0 450.0                            LAT/LON1/LON2/DLON/H
   75   74   72   71   69   66   64   61   59   56   53   51   48   45   43   41
   39   37   35   34   33   32   31   30   30   30   29   29   29   29   29   29
   30   30   30   30   30   31   31   31   32   33   33   34   35   36   37   38
   40   41   43   45   46   48   50   53   55   57   59   61   64   66   68   70
   71   73   74   75   75   76   76   75   75
    82.5-180.0 180.0   5.0 450.0                            LAT/LON1/LON2/DLON/H
  101  100   98   95   92   89   85   81   76   72   67   63   58   54   51   48
   45   42   41   39   38   38   37   37   37   38   38   38   38   39   39   39
   39   39   39   39   39   39   39   39   39   39   39   40   40   41   42   44
   45   47   49   51   53   56   59   62   65   69   72   76   79   83   86   89
   92   95   97   99  101  102  102  102  101
    80.0-180.0 180.0   5.0 450.0                            LAT/LON1/LON2/DLON/H
  129  128  126  122  119  114  108  103   96   90   84   77   71   66   61   57
   54   51   49   48   48   48   49   50   51   52   53   54   54   55   55   55
   54   54   53   52   52   51   50   50   49   49   48   48   48   48   49   50
   51   53   55   57   60   63   66   70   74   79   83   88   93   98  103  108
  113  117  121  124  127  129  130  130  129
    77.5-180.0 180.0   5.0 450.0                            LAT/LON1/LON2/DLON/H
  156  155  153  149  145  139  133  125  117  109  101   93   85   78   72   67
   64   61   60   60   61   62   64   66   68   70   72   73   73   74   73   73
   72   70   69   68   66   64   63   61   60   59   58   57   56   56   55   56
   57   58   60   62   65   68   72   76   81   87   92   98  105  111  118  124
  131  137  142  146  150  153  155  156  156
    75.0-180.0 180.0   5.0 450.0                            LAT/LON1/LON2/DLON/H
  180  180  177  174  169  163  156  147  138  129  119  109   99   91   84   78
   74   72   71   72   73   76   79   83   86   88   90   92   92   92   91   89
   87   85   83   81   78   76   74   71   69   67   65   63   62   61   60   60
   60   61   62   65   67   71   75   80   86   92   99  106  114  122  130  138
  146  153  160  166  171  175  178  180  180
    72.5-180.0 180.0   5.0 450.0                            LAT/LON1/LON2/DLON/H
  201  200  199  195  191  184  177  168  158  147  136  124  113  103   95   88
   83   81   80   82   84   88   92   97  101  104  106  107  106  105  104  101
   98   95   92   89   86   83   80   77   75   72   69   67   65   63   62   61
   61   61   63   65   68   71   76   82   88   95  103  112  121  131  141  150
  160  168  176  183  189  194  197  200  201
    70.0-180.0 180.0   5.0 450.0                            LAT/LON1/LON2/DLON/H
  218  218  216  213  209  203  195  186  176  164  152  139  126  114  104   96
   90   87   87   88   92   96  101  106  110  113  115  115  114  112  109  106
  102   98   94   90   87   84   81   79   76   73   70   67   64   62   60   59
   59   59   60   63   66   70   76   82   90   98  108  118  129  140  152  163
  173  183  192  199  206  211  214  217  218
    67.5-180.0 180.0   5.0 450.0                            LAT/LON1/LON2/DLON/H
  233  233  231  228  224  218  211  202  191  179  166  152  138  125  113  103
   95   91   90   91   94   98  103  108  112  114  116  115  114  111  107  103
   98   94   89   86   83   80   78   75   73   70   67   64   61   58   56   55
   54   55   57   60   63   69   75   82   91  102  113  125  138  152  165  177
  189  199  208  216  222  227  230  232  233
    65.0-180.0 180.0   5.0 450.0                            LAT/LON1/LON2/DLON/H
  248  247  244  241  237  231  224  215  205  193  180  165  150  135  120  108
   99   93   90   90   92   96  100  104  107  109  109  108  106  103   98   93
   88   84   80   76   74   72   71   69   67   65   62   59   55   53   50   49
   49   50   52   56   61   67   75   84   95  107  121  135  151  166  181  195
  207  218  227  235  240  244  247  248  248
    62.5-180.0 180.0   5.0 450.0                            LAT/LON1/LON2/DLON/H
  263  261  257  253  248  242  235  226  217  205  192  177  161  144  128  114
  102   94   89   87   87   89   92   94   96   97   97   96   93   90   86   81
   76   71   67   65   63   63   62   62   61   59   57   54   50   47   45   44
   44   46   49   53   59   67   76   87  100  115  131  148  166  184  200  215
  229  240  249  256  260  263  265  265  263
    60.0-180.0 180.0   5.0 450.0                            LAT/LON1/LON2/DLON/H
  280  276  271  265  259  251  244  236  226  216  203  188  172  154  136  120
  106   95   87   83   81   81   82   82   83   83   82   81   79   76   72   68
   63   59   56   54   54   54   56   56   57   56   53   51   47   44   42   41
   42   44   48   53   60   69   80   93  108  125  144  164  184  204  222  238
  252  263  271  277  281  284  284  283  280
    57.5-180.0 180.0   5.0 450.0                            LAT/LON1/LON2/DLON/H
  298  293  286  278  270  261  252  243  234  224  212  198  182  164  145  127
  111   98   88   81   77   74   72   71   70   69   68   67   66   64   62   58
   54   51   48   47   48   50   53   55   56   56   54   51   48   45   43   42
   42   45   49   55   63   73   86  101  118  138  159  181  203  224  243  260
  273  284  292  298  302  304  304  302  298
    55.0-180.0 180.0   5.0 450.0                            LAT/LON1/LON2/DLON/H
  317  311  302  292  281  270  260  250  241  231  220  207  192  174  155  136
  118  103   91   82   75   70   66   63   60   59   58   58   58   58   56   54
   51   48   46   46   48   51   55   58   60   60   58   56   52   49   47   46
   47   49   54   60   69   81   94  111  130  151  174  197  220  242  261  278
  291  302  310  315  319  322  322  321  317
    52.5-180.0 180.0   5.0 450.0                            LAT/LON1/LON2/DLON/H
  334  328  319  307  293  280  267  256  246  237  227  215  201  184  165  146
  127  111   97   87   78   71   65   61   57   55   54   55   56   57   57   55
   53   51   50   50   53   57   62   66   68   68   67   64   60   57   55   54
   54   57   62   69   78   90  105  122  143  165  188  212  235  256  274  290
  303  313  320  327  331  335  337  337  334
    50.0-180.0 180.0   5.0 450.0                            LAT/LON1/LON2/DLON/H
  349  344  335  321  306  290  275  262  251  242  233  222  209  194  175  156
  137  120  106   95   85   77   70   64   60   57   57   59   61   63   63   62
   60   58   58   59   63   68   73   77   80   80   78   75   71   68   65   64
   65   67   72   79   89  101  117  135  155  177  200  222  244  264  281  295
  306  316  323  330  337  343  347  350  349
    47.5-180.0 180.0   5.0 450.0                            LAT/LON1/LON2/DLON/H
  360  358  349  336  319  301  283  268  256  247  238  228  216  202  184  166
  147  130  116  105   95   87   79   73   69   66   66   68   70   72   73   72
   70   69   69   71   76   81   87   91   92   92   90   86   83   79   77   75
   76   78   83   90  100  114  129  147  167  188  209  229  249  266  281  293
  303  311  319  327  336  344  353  358  360
    45.0-180.0 180.0   5.0 450.0                            LAT/LON1/LON2/DLON/H
  368  368  362  349  332  313  294  277  264  253  244  234  222  208  191  173
  155  139  125  114  105   98   91   85   81   79   79   81   83   84   83   81
   80   79   80   84   89   95  100  103  104  103  100   97   93   90   88   86
   87   89   94  102  113  126  142  159  178  197  215  233  249  264  276  286
  295  303  311  320  330  342  353  363  368
    42.5-180.0 180.0   5.0 450.0                            LAT/LON1/LON2/DLON/H
  374  377  373  362  345  326  306  288  273  261  251  240  228  213  196  178
  160  144  131  121  113  107  102   98   95   94   94   95   95   94   92   89
   87   87   89   94  100  106  110  112  112  110  107  104  101   99   96   95
   96   98  104  112  124  138  154  171  188  204  220  234  248  260  270  279
  287  294  302  312  324  338  352  365  374
    40.0-180.0 180.0   5.0 450.0                            LAT/LON1/LON2/DLON/H
  379  384  383  374  359  341  321  302  286  272  260  247  233  217  198  180
  162  146  133  124  118  114  111  109  108  108  108  107  105  102   97   93
   90   91   94  100  107  113  116  117  116  114  111  108  106  104  102  101
  102  105  111  121  134  149  166  182  197  211  224  236  247  258  267  276
  284  291  299  309  321  336  352  367  379
    37.5-180.0 180.0   5.0 450.0                            LAT/LON1/LON2/DLON/H
  385  392  393  386  373  357  338  320  302  287  271  256  238  219  199  179
  160  144  131  123  118  116  116  117  118  120  120  117  112  106   99   93
   90   91   96  103  111  116  118  118  115  113  110  109  107  106  105  104
  105  108  116  127  142  159  176  193  207  219  230  240  251  261  272  282
  290  298  306  316  327  342  357  373  385
    35.0-180.0 180.0   5.0 450.0                            LAT/LON1/LON2/DLON/H
  396  403  405  399  389  374  357  339  321  304  286  266  245  222  199  177
  156  139  126  118  114  114  117  121  125  128  128  124  117  107   98   90
   88   90   96  104  111  115  116  114  111  109  107  107  107  106  105  104
  104  108  117  131  148  167  186  203  217  228  238  249  260  273  286  299
  310  320  328  336  345  357  370  384  396
    32.5-180.0 180.0   5.0 450.0                            LAT/LON1/LON2/DLON/H
  412  418  419  415  405  392  377  360  342  323  302  279  253  227  200  175
  153  135  121  113  109  110  115  122  129  133  134  129  120  108   97   89
   86   89   96  104  110  113  112  109  106  104  104  105  106  105  104  102
  102  106  116  131  151  173  194  212  227  239  250  262  277  294  313  330
  345  356  364  370  376  384  393  403  412
    30.0-180.0 180.0   5.0 450.0                            LAT/LON1/LON2/DLON/H
  436  439  439  433  424  412  398  382  364  343  320  293  264  233  204  177
  154  134  120  111  107  108  114  122  131  137  138  134  123  110   98   90
   88   91   98  105  110  111  108  104  101  101  102  105  106  105  102   99
   98  102  113  130  153  178  202  222  239  252  266  282  302  325  350  373
  393  406  414  418  419  422  426  431  436
    27.5-180.0 180.0   5.0 450.0                            LAT/LON1/LON2/DLON/H
  468  467  463  456  445  433  418  403  385  363  338  308  276  243  212  184
  160  141  126  116  111  111  116  125  135  142  144  140  130  117  105   98
   96  100  106  111  113  111  107  103  100  101  104  108  109  107  102   96
   93   97  108  128  153  181  208  231  251  268  285  306  332  362  395  425
  450  466  473  474  471  468  467  467  468
    25.0-180.0 180.0   5.0 450.0                            LAT/LON1/LON2/DLON/H
  505  500  493  483  469  455  439  423  404  382  356  325  291  257  226  198
  175  156  142  131  124  122  126  133  142  149  152  149  140  130  120  114
  113  116  120  122  121  116  110  105  104  106  111  114  115  110  102   94
   89   92  104  125  153  184  214  241  263  284  307  333  366  403  443  480
  509  528  536  534  527  519  513  508  505
    22.5-180.0 180.0   5.0 450.0                            LAT/LON1/LON2/DLON/H
  546  539  529  514  497  479  460  442  422  400  373  342  309  276  246  220
  199  183  169  158  149  144  144  148  154  160  163  161  156  148  142  138
  138  139  140  139  133  125  117  113  112  116  121  124  123  116  105   93
   86   87  100  122  152  186  219  250  276  302  328  360  399  443  489  532
  565  586  594  591  581  570  560  552  546
    20.0-180.0 180.0   5.0 450.0                            LAT/LON1/LON2/DLON/H
  589  581  568  551  529  506  483  462  440  418  391  362  330  299  272  250
  233  219  208  196  186  177  171  170  172  175  177  178  176  172  170  168
  169  168  166  159  149  138  129  125  125  129  134  136  132  122  107   93
   84   84   97  120  152  188  225  259  289  318  349  386  429  478  529  575
  612  634  642  638  627  614  603  595  589
    17.5-180.0 180.0   5.0 450.0                            LAT/LON1/LON2/DLON/H
  631  624  611  591  566  537  509  483  460  436  411  384  355  327  304  286
  273  264  254  244  231  217  206  198  194  193  194  196  197  199  201  202
  202  200  193  182  168  154  144  139  140  144  148  147  140  127  110   94
   83   83   95  119  153  191  231  267  301  333  367  407  453  505  558  606
  644  668  676  672  661  649  640  635  631
    15.0-180.0 180.0   5.0 450.0                            LAT/LON1/LON2/DLON/H
  669  666  656  635  606  572  539  509  482  458  435  410  384  360  341  327
  318  312  305  295  280  262  244  228  218  212  211  214  219  225  231  235
  235  230  219  204  186  170  159  154  155  158  159  156  146  130  111   93
   83   83   95  120  155  195  236  276  312  346  382  422  469  521  574  623
  661  684  693  690  682  673  668  668  669
    12.5-180.0 180.0   5.0 450.0                            LAT/LON1/LON2/DLON/H
  702  706  699  680  650  612  574  540  511  486  464  441  419  398  381  370
  363  360  355  345  328  306  281  258  241  230  227  231  239  249  258  264
  263  255  241  222  202  185  173  167  167  167  166  159  146  129  109   92
   82   83   97  123  158  200  242  283  321  356  392  432  477  528  579  626
  662  686  695  695  689  686  687  694  702
    10.0-180.0 180.0   5.0 450.0                            LAT/LON1/LON2/DLON/H
  729  740  740  725  695  656  615  577  546  521  499  479  459  440  423  412
  406  403  398  387  368  343  313  284  260  245  239  243  254  267  278  285
  283  273  256  234  213  195  183  177  174  171  166  157  142  124  105   90
   82   85   99  126  163  205  248  290  328  363  398  436  479  526  574  618
  653  675  686  688  687  689  698  713  729
     7.5-180.0 180.0   5.0 450.0                            LAT/LON1/LON2/DLON/H
  749  769  775  765  739  701  659  620  587  562  542  523  504  485  467  453
  444  437  430  417  396  368  334  301  273  254  248  252  264  278  291  297
  294  282  263  240  219  201  189  181  175  169  161  148  133  115   99   87
   81   86  103  130  167  210  254  295  332  367  400  435  475  518  562  603
  636  658  670  675  678  686  702  725  749
     5.0-180.0 180.0   5.0 450.0                            LAT/LON1/LON2/DLON/H
  762  789  803  799  778  744  704  665  634  610  591  573  553  532  510  490
  475  462  449  433  410  379  344  309  279  260  252  257  269  284  296  301
  296  282  262  240  219  203  190  181  172  162  150  136  120  105   92   83
   81   88  106  135  172  214  258  299  335  368  399  432  468  508  548  586
  617  639  652  660  667  680  702  731  762
     2.5-180.0 180.0   5.0 450.0                            LAT/LON1/LON2/DLON/H
  768  800  820  823  809  780  745  710  682  660  642  625  604  579  551  523
  498  476  456  435  409  377  342  308  280  261  255  260  272  286  296  298
  291  275  255  234  216  200  188  176  164  151  136  121  107   94   84   79
   80   90  109  138  176  218  261  300  335  366  396  426  460  497  535  571
  601  623  637  647  658  674  699  732  768
