casg3020.98i
     1.0            IONOSPHERE MAPS     MIX                 IONEX VERSION / TYPE
GIM_AOE V1.0        LZSH                2015-11-19 05:34:23.0PGM / RUN BY / DATE
Global ionospheric map produced by aoe                      DESCRIPTION
Contact address: Li Zishen                                  DESCRIPTION
                                Chinese Academy of Sciences DESCRIPTION
                              Navigation Headquarter of CAS DESCRIPTION
                 Dengzhuang south Road,Beijing,China,100094 DESCRIPTION
                                   Email:lizishen@aoe.ac.cn DESCRIPTION
  1998    10    29     1     0  0.00                        EPOCH OF FIRST MAP
  1998    10    29    23     0  0.00                        EPOCH OF LAST MAP
  7200.0                                                    INTERVAL
    12                                                      # OF MAPS IN FILE
  COSZ                                                      MAPPING FUNCTION
     0.0                                                    ELEVATION CUTOFF
TEC is obtained by adjusted uncombined raw observation      OBSERVABLES USED
  6371.4                                                    BASE RADIUS 
     2                                                      MAP DIMENSION
   450.0 450.0   0.0                                        HGT1 / HGT2 / DHGT
    87.5 -87.5  -2.5                                        LAT1 / LAT2 / DLAT
  -180.0 180.0   5.0                                        LON1 / LON2 / DLON
    -1                                                      EXPONENT
TEC values in 0.1 tec units;  9999, if no value available   COMMENT
DCB values in nanoseconds, reference is Sum_of_SatDCBs = 0  COMMENT
                                                            END OF HEADER
[from data line 1716]
     5                                                      START OF TEC MAP
  1998    10    29     9     0     0                        EPOCH OF CURRENT MAP
    87.5-180.0 180.0   5.0 450.0                            LAT/LON1/LON2/DLON/H
   49   48   47   47   46   45   45   44   43   43   42   42   41   41   40   40
   40   40   40   40   40   40   40   41   41   42   42   43   44   44   45   46
   47   48   48   49   50   51   52   52   53   54   54   55   56   56   56   57
   57   57   57   58   58   58   57   57   57   57   57   56   56   55   55   54
   54   53   53   52   52   51   50   50   49
    85.0-180.0 180.0   5.0 450.0                            LAT/LON1/LON2/DLON/H
   53   52   51   50   48   47   46   44   43   42   40   39   38   37   36   36
   35   35   34   35   35   35   36   37   38   39   40   41   43   44   46   48
   50   51   53   55   57   58   60   61   63   64   65   66   67   68   69   69
   70   70   70   70   70   70   70   69   69   68   67   66   66   65   64   63
   62   61   60   59   58   57   56   54   53
    82.5-180.0 180.0   5.0 450.0                            LAT/LON1/LON2/DLON/H
   59   58   56   55   53   52   50   48   46   44   42   40   38   36   35   34
   33   32   32   32   32   33   34   35   37   38   40   43   45   47   50   53
   55   58   61   63   66   69   71   74   76   78   79   81   82   83   84   85
   85   86   86   85   85   84   84   83   82   80   79   78   76   75   73   72
   70   69   67   66   64   63   62   61   59
    80.0-180.0 180.0   5.0 450.0                            LAT/LON1/LON2/DLON/H
   65   64   62   61   59   57   55   53   51   48   46   43   40   38   36   34
   33   32   31   31   32   33   34   36   38   41   43   46   49   52   56   59
   63   66   70   74   77   81   84   88   91   93   96   98  100  101  102  103
  103  103  103  103  102  101   99   98   96   94   92   89   87   85   82   80
   77   75   73   71   70   68   67   66   65
    77.5-180.0 180.0   5.0 450.0                            LAT/LON1/LON2/DLON/H
   68   67   67   66   65   63   61   59   57   54   51   48   44   41   39   37
   35   34   33   33   34   35   37   39   42   45   48   51   55   58   62   66
   70   75   79   84   89   93   98  102  106  110  113  116  118  120  121  122
  123  123  122  122  120  119  117  115  112  109  105  102   98   94   90   86
   83   79   77   74   72   71   70   69   68
    75.0-180.0 180.0   5.0 450.0                            LAT/LON1/LON2/DLON/H
   68   68   68   68   68   67   66   64   62   59   56   53   49   46   43   40
   38   37   37   37   38   39   41   44   46   49   52   56   59   63   67   72
   76   81   87   93   98  105  110  116  122  127  131  135  137  140  141  142
  143  143  142  142  140  138  136  133  129  125  120  115  109  103   97   91
   86   81   77   74   72   70   69   68   68
    72.5-180.0 180.0   5.0 450.0                            LAT/LON1/LON2/DLON/H
   64   65   66   67   68   69   68   67   66   64   61   57   54   51   47   45
   43   41   41   41   42   44   46   48   51   53   56   59   63   66   70   75
   80   86   92   99  106  114  122  129  136  142  148  153  156  159  161  162
  163  163  163  162  161  159  156  152  148  142  135  128  120  112  104   96
   88   81   76   71   68   65   64   64   64
    70.0-180.0 180.0   5.0 450.0                            LAT/LON1/LON2/DLON/H
   58   60   62   64   65   67   68   68   67   66   64   61   58   54   51   49
   47   45   45   45   46   48   49   51   54   56   58   61   64   67   71   76
   81   88   95  103  112  121  131  140  149  157  164  170  174  178  180  182
  182  183  182  182  181  179  176  172  167  160  152  142  132  121  110  100
   90   81   73   67   63   59   58   58   58
    67.5-180.0 180.0   5.0 450.0                            LAT/LON1/LON2/DLON/H
   51   53   55   58   60   63   65   66   66   66   64   62   60   57   54   52
   50   49   48   48   49   50   51   53   54   56   58   60   62   65   69   74
   81   88   96  106  116  127  139  150  161  170  179  186  191  195  198  199
  200  200  200  200  199  198  195  191  186  178  169  158  145  132  119  105
   93   81   72   64   58   54   51   51   51
    65.0-180.0 180.0   5.0 450.0                            LAT/LON1/LON2/DLON/H
   45   47   49   51   54   57   60   62   63   63   63   62   60   58   55   53
   52   50   50   50   50   51   51   52   52   53   54   56   59   62   67   73
   80   88   97  108  120  133  146  159  172  183  193  201  206  211  213  215
  215  216  216  216  216  215  213  209  204  196  186  173  159  144  129  113
   98   85   73   63   56   51   47   46   45
    62.5-180.0 180.0   5.0 450.0                            LAT/LON1/LON2/DLON/H
   43   43   45   47   49   52   54   56   58   59   59   59   58   57   55   53
   51   50   50   49   49   49   49   49   48   49   49   51   54   59   64   71
   79   89  100  112  125  140  154  169  183  195  206  214  221  225  227  228
  229  229  229  229  229  229  228  225  220  212  202  189  174  158  141  124
  107   92   79   67   58   52   47   44   43
    60.0-180.0 180.0   5.0 450.0                            LAT/LON1/LON2/DLON/H
   45   44   44   45   46   48   49   51   53   54   55   55   55   54   52   51
   49   48   47   47   46   46   45   43   43   42   43   46   50   56   63   72
   82   93  105  118  133  148  164  179  194  207  219  227  234  238  239  240
  239  239  239  239  239  240  239  237  233  226  216  204  189  172  155  137
  119  103   89   76   66   58   52   48   45
    57.5-180.0 180.0   5.0 450.0                            LAT/LON1/LON2/DLON/H
   53   50   48   47   47   47   47   48   49   50   51   51   51   50   49   48
   46   45   44   43   42   41   39   37   36   36   37   41   47   54   64   75
   87  100  113  128  143  159  175  191  206  220  232  240  246  250  251  250
  249  247  246  246  246  247  247  245  242  237  228  217  203  187  170  152
  134  118  103   90   78   69   62   57   53
    55.0-180.0 180.0   5.0 450.0                            LAT/LON1/LON2/DLON/H
   64   60   56   54   51   49   48   47   47   47   48   48   48   47   46   44
   42   41   39   39   37   36   34   32   30   30   33   38   45   56   68   81
   95  110  125  140  156  172  189  205  220  234  245  253  259  261  261  260
  257  254  252  250  250  250  250  250  248  243  236  227  215  200  184  167
  150  134  119  105   94   84   76   69   64
    52.5-180.0 180.0   5.0 450.0                            LAT/LON1/LON2/DLON/H
   77   72   67   63   59   55   52   50   48   47   47   47   46   45   43   41
   38   37   36   35   34   32   30   28   27   27   30   37   47   59   74   90
  106  122  139  155  171  188  204  220  235  248  259  267  272  274  273  269
  265  261  257  255  253  252  252  251  250  246  241  233  223  211  196  181
  165  149  134  121  109   99   90   83   77
    50.0-180.0 180.0   5.0 450.0                            LAT/LON1/LON2/DLON/H
   89   84   78   73   68   63   59   55   53   51   50   49   47   45   42   39
   36   34   33   33   32   31   29   27   26   27   31   39   50   65   82  100
  118  136  154  171  188  205  221  236  251  263  274  281  286  287  285  281
  275  270  264  260  257  254  253  251  249  247  242  236  228  218  205  191
  176  162  147  134  123  112  104   96   89
    47.5-180.0 180.0   5.0 450.0                            LAT/LON1/LON2/DLON/H
   99   93   88   82   77   72   68   63   60   57   55   54   51   48   45   41
   37   35   34   34   34   33   32   30   29   30   35   44   56   72   90  110
  130  150  170  188  206  222  238  253  267  279  289  296  301  301  299  294
  288  281  275  269  264  260  256  252  249  245  241  236  229  221  210  197
  183  169  156  143  132  122  113  106   99
    45.0-180.0 180.0   5.0 450.0                            LAT/LON1/LON2/DLON/H
  104   98   93   89   84   80   76   72   69   66   64   61   58   55   50   45
   41   38   37   38   38   39   38   37   36   37   42   50   63   80   99  120
  142  163  184  204  223  240  256  270  283  295  305  312  317  318  315  311
  305  298  291  284  277  270  263  257  251  245  240  235  228  220  210  199
  186  172  159  147  136  126  118  110  104
    42.5-180.0 180.0   5.0 450.0                            LAT/LON1/LON2/DLON/H
  104   99   94   91   88   85   82   80   77   75   73   71   68   63   58   53
   48   45   44   45   46   47   47   46   45   46   51   59   71   87  107  129
  152  175  198  219  239  256  272  286  299  311  321  329  334  336  335  331
  327  321  315  307  299  289  278  267  257  248  240  233  226  217  208  196
  183  170  157  145  135  126  117  110  104
    40.0-180.0 180.0   5.0 450.0                            LAT/LON1/LON2/DLON/H
  101   95   91   88   87   86   86   85   85   84   83   81   78   74   69   63
   58   55   54   55   57   58   59   58   57   57   60   67   79   94  114  136
  161  186  211  234  254  272  288  302  315  327  338  347  353  356  357  356
  354  351  346  339  330  317  302  287  271  257  244  234  224  215  204  192
  179  166  154  142  132  123  114  107  101
    37.5-180.0 180.0   5.0 450.0                            LAT/LON1/LON2/DLON/H
   96   89   85   83   82   84   86   88   90   91   91   90   88   85   80   75
   70   67   66   67   69   70   71   70   68   68   70   76   86  101  120  143
  169  197  223  248  269  287  302  316  329  342  354  364  373  378  382  385
  387  387  386  381  371  356  337  315  293  273  255  240  227  215  202  190
  176  163  150  139  129  120  111  103   96
    35.0-180.0 180.0   5.0 450.0                            LAT/LON1/LON2/DLON/H
   93   85   78   75   76   78   83   87   91   95   96   97   96   94   91   87
   83   80   79   80   81   82   82   80   79   78   79   83   92  106  126  150
  178  208  236  261  283  300  315  328  342  356  370  383  394  403  410  418
  424  430  433  430  421  404  381  354  326  298  274  253  236  220  206  191
  177  164  151  140  131  121  112  102   93
    32.5-180.0 180.0   5.0 450.0                            LAT/LON1/LON2/DLON/H
   95   84   75   70   69   72   78   84   90   95   98  100  101  101  100   97
   95   92   91   91   91   91   90   88   86   85   85   89   97  112  132  159
  189  221  250  276  296  312  326  340  354  370  386  402  416  429  441  453
  466  477  485  486  478  460  434  402  367  333  302  276  253  234  217  200
  185  172  160  149  140  130  120  108   95
    30.0-180.0 180.0   5.0 450.0                            LAT/LON1/LON2/DLON/H
  106   90   77   68   65   67   73   80   86   92   96   99  102  104  105  105
  104  102  101   99   98   96   95   93   91   89   89   93  102  117  140  169
  202  235  266  290  309  323  336  349  365  384  403  422  440  457  474  492
  510  528  541  545  539  521  492  455  415  376  340  308  281  258  237  219
  203  189  177  167  158  148  136  122  106
    27.5-180.0 180.0   5.0 450.0                            LAT/LON1/LON2/DLON/H
  125  105   86   73   67   66   70   76   82   87   91   95   99  103  106  109
  109  109  107  104  101   98   95   93   91   90   90   95  105  123  148  181
  217  252  282  305  321  333  344  358  376  397  421  444  466  487  509  532
  556  579  596  604  599  581  551  512  469  425  385  349  318  291  268  247
  230  215  204  195  186  176  162  145  125
    25.0-180.0 180.0   5.0 450.0                            LAT/LON1/LON2/DLON/H
  153  128  105   87   75   71   72   75   79   82   85   88   92   97  103  108
  110  110  108  104   99   95   92   89   88   87   89   95  107  128  157  193
  232  268  298  319  332  341  351  366  387  412  440  467  493  518  544  572
  600  627  648  659  655  638  607  568  523  479  437  398  364  334  307  284
  265  251  239  231  222  212  197  177  153
    22.5-180.0 180.0   5.0 450.0                            LAT/LON1/LON2/DLON/H
  188  159  131  108   92   83   80   79   80   80   79   80   84   89   96  102
  106  107  104  100   94   89   85   83   82   82   85   93  108  133  166  206
  247  284  312  330  341  348  358  375  399  429  461  493  522  551  580  611
  642  671  694  705  703  686  657  618  576  533  491  452  416  384  354  328
  307  291  280  272  263  253  237  215  188
    20.0-180.0 180.0   5.0 450.0                            LAT/LON1/LON2/DLON/H
  227  194  163  136  115  102   94   90   85   81   76   74   75   79   86   93
   98   99   97   91   85   80   76   74   74   76   80   91  109  137  174  218
  261  297  324  339  347  354  365  385  414  449  485  520  553  584  615  647
  679  709  731  742  740  723  696  661  623  583  545  508  471  437  404  376
  352  334  322  313  306  295  279  256  227
    17.5-180.0 180.0   5.0 450.0                            LAT/LON1/LON2/DLON/H
  264  231  197  168  145  128  116  107   97   88   78   71   68   70   75   82
   87   88   86   80   74   69   67   66   66   69   75   87  109  140  181  227
  271  307  331  345  352  359  373  398  431  471  512  550  584  616  648  679
  710  738  758  767  763  748  724  694  662  628  595  560  525  489  454  421
  394  374  361  352  344  334  317  294  264
    15.0-180.0 180.0   5.0 450.0                            LAT/LON1/LON2/DLON/H
  297  264  231  201  177  158  143  130  116  101   86   73   65   63   65   70
   74   75   73   68   63   59   58   58   60   64   71   85  108  142  185  233
  277  312  335  348  355  365  384  413  452  496  540  580  615  647  677  707
  735  758  774  779  774  760  739  715  690  665  637  607  573  535  497  461
  431  408  393  383  375  365  349  327  297
    12.5-180.0 180.0   5.0 450.0                            LAT/LON1/LON2/DLON/H
  323  292  260  232  209  190  174  159  141  121  100   81   67   59   57   58
   61   61   60   56   53   51   51   53   56   60   68   83  108  144  188  236
  280  314  336  349  359  373  397  432  476  523  568  609  643  674  702  728
  751  769  779  781  773  760  743  726  709  690  669  643  610  572  532  492
  458  432  415  404  396  387  372  351  323
    10.0-180.0 180.0   5.0 450.0                            LAT/LON1/LON2/DLON/H
  339  311  283  259  238  222  207  190  170  147  121   96   75   60   53   50
   49   49   48   46   45   46   48   51   54   59   68   83  109  146  190  237
  280  313  336  351  364  384  413  454  501  550  596  635  668  696  720  742
  760  772  776  773  764  751  738  727  717  705  690  667  636  597  553  511
  474  445  426  414  406  397  384  364  339
     7.5-180.0 180.0   5.0 450.0                            LAT/LON1/LON2/DLON/H
  346  322  299  279  263  251  238  223  202  176  146  115   88   67   53   45
   41   39   39   39   41   44   48   52   56   62   70   86  112  149  193  238
  280  312  336  353  372  397  432  477  526  576  620  657  687  711  732  749
  762  767  766  759  748  736  727  720  716  709  697  677  646  606  561  516
  477  446  426  414  407  398  386  369  346
     5.0-180.0 180.0   5.0 450.0                            LAT/LON1/LON2/DLON/H
  345  325  306  292  282  274  266  254  234  207  174  139  106   78   58   45
   37   34   34   36   40   45   51   56   61   67   76   92  118  154  197  241
  281  313  338  359  383  413  453  500  550  597  638  671  698  720  737  750
  757  758  752  742  730  719  712  709  707  703  693  672  641  600  554  509
  468  438  418  406  399  391  381  365  345
     2.5-180.0 180.0   5.0 450.0                            LAT/LON1/LON2/DLON/H
  339  321  307  298  294  292  289  281  264  237  203  165  127   94   67   49
   38   33   33   36   42   49   57   63   69   75   85  101  127  163  204  246
  284  316  343  368  396  431  474  521  568  612  649  678  702  721  735  744
  747  744  735  723  711  701  696  694  693  688  676  654  622  581  535  490
  451  421  402  392  385  379  370  356  339
