casg3020.98i
     1.0            IONOSPHERE MAPS     MIX                 IONEX VERSION / TYPE
GIM_AOE V1.0        LZSH                2015-11-19 05:34:23.0PGM / RUN BY / DATE
Global ionospheric map produced by aoe                      DESCRIPTION
Contact address: Li Zishen                                  DESCRIPTION
                                Chinese Academy of Sciences DESCRIPTION
                              Navigation Headquarter of CAS DESCRIPTION
                 Dengzhuang south Road,Beijing,China,100094 DESCRIPTION
                                   Email:lizishen@aoe.ac.cn DESCRIPTION
  1998    10    29     1     0  0.00                        EPOCH OF FIRST MAP
  1998    10    29    23     0  0.00                        EPOCH OF LAST MAP
  7200.0                                                    INTERVAL
    12                                                      # OF MAPS IN FILE
  COSZ                                                      MAPPING FUNCTION
     0.0                                                    ELEVATION CUTOFF
TEC is obtained by adjusted uncombined raw observation      OBSERVABLES USED
  6371.4                                                    BASE RADIUS 
     2                                                      MAP DIMENSION
   450.0 450.0   0.0                                        HGT1 / HGT2 / DHGT
    87.5 -87.5  -2.5                                        LAT1 / LAT2 / DLAT
  -180.0 180.0   5.0                                        LON1 / LON2 / DLON
    -1                                                      EXPONENT
TEC values in 0.1 tec units;  9999, if no value available   COMMENT
DCB values in nanoseconds, reference is Sum_of_SatDCBs = 0  COMMENT
                                                            END OF HEADER
[from data line 429]
     2                                                      START OF TEC MAP
  1998    10    29     3     0     0                        EPOCH OF CURRENT MAP
    87.5-180.0 180.0   5.0 450.0                            LAT/LON1/LON2/DLON/H
   74   72   71   69   68   66   64   62   60   58   57   55   53   51   49   48
   46   44   43   42   41   40   39   38   37   37   37   36   36   36   37   37
   38   38   39   40   41   42   43   44   46   47   49   50   52   54   55   57
   59   61   62   64   66   68   69   71   72   74   75   76   77   77   78   78
   79   79   78   78   78   77   76   75   74
    85.0-180.0 180.0   5.0 450.0                            LAT/LON1/LON2/DLON/H
   95   93   89   86   83   79   75   72   68   64   60   56   53   49   46   43
   40   38   35   33   31   30   28   27   26   26   25   25   25   26   26   27
   28   29   30   31   33   35   37   39   41   43   46   49   51   54   58   61
   64   68   71   75   78   82   85   88   91   94   96   99  101  102  104  105
  105  105  105  104  103  102  100   98   95
    82.5-180.0 180.0   5.0 450.0                            LAT/LON1/LON2/DLON/H
  117  113  108  103   98   93   87   82   76   71   65   60   55   50   46   42
   38   35   32   30   28   26   24   23   23   22   22   22   22   23   24   25
   26   27   29   30   32   34   36   38   41   44   47   50   53   57   61   65
   70   75   80   85   90   95  100  105  109  114  118  122  125  128  130  131
  132  132  132  131  129  127  124  121  117
    80.0-180.0 180.0   5.0 450.0                            LAT/LON1/LON2/DLON/H
  137  132  126  120  113  106   99   92   85   78   71   65   59   53   48   44
   40   37   34   32   30   28   27   26   26   26   26   26   27   28   29   30
   31   33   34   36   37   39   41   43   45   47   50   53   57   61   65   70
   75   81   87   93  100  107  113  120  126  132  138  143  147  151  154  156
  157  158  157  156  153  150  147  142  137
    77.5-180.0 180.0   5.0 450.0                            LAT/LON1/LON2/DLON/H
  155  148  141  134  126  118  109  101   92   84   77   70   63   58   53   49
   45   42   40   38   37   36   35   35   34   35   35   36   37   38   40   41
   43   44   45   46   47   48   49   50   51   53   54   57   60   63   68   73
   79   85   92  100  108  116  124  133  141  148  156  162  168  173  176  179
  180  180  179  177  174  170  166  161  155
    75.0-180.0 180.0   5.0 450.0                            LAT/LON1/LON2/DLON/H
  169  162  154  146  137  128  118  109  100   91   82   75   68   63   59   55
   52   50   49   48   47   46   46   46   46   47   47   49   50   52   53   55
   56   58   58   59   59   59   58   58   58   58   59   60   62   65   69   74
   80   87   95  104  113  123  133  143  153  162  171  179  186  192  197  199
  201  201  199  196  192  187  182  176  169
    72.5-180.0 180.0   5.0 450.0                            LAT/LON1/LON2/DLON/H
  181  173  165  156  147  137  127  117  107   97   88   80   73   68   64   62
   60   59   59   58   58   58   58   57   58   58   59   61   62   64   66   68
   70   71   71   71   70   68   67   65   63   62   61   61   62   64   68   72
   79   87   95  105  116  128  140  152  163  175  186  196  204  211  216  219
  220  220  217  213  208  202  195  188  181
    70.0-180.0 180.0   5.0 450.0                            LAT/LON1/LON2/DLON/H
  191  183  175  166  157  147  136  125  114  103   93   85   78   73   70   68
   68   68   68   68   68   68   67   67   67   67   68   70   72   74   76   78
   80   80   80   79   77   75   72   69   65   62   60   59   59   61   64   69
   76   85   95  106  118  132  146  160  174  187  200  211  221  229  235  239
  240  238  235  229  223  215  207  199  191
    67.5-180.0 180.0   5.0 450.0                            LAT/LON1/LON2/DLON/H
  202  194  186  177  168  158  146  134  122  109   98   89   82   77   75   74
   74   75   75   75   75   74   73   72   71   71   72   74   76   79   81   83
   85   85   85   83   81   77   73   69   64   60   57   55   55   56   59   65
   72   82   93  106  121  136  152  168  184  200  214  228  239  249  256  260
  260  258  254  247  238  229  220  211  202
    65.0-180.0 180.0   5.0 450.0                            LAT/LON1/LON2/DLON/H
  214  206  198  190  181  170  158  145  131  117  105   94   86   81   79   78
   78   79   79   79   78   76   74   72   70   70   71   73   76   78   81   83
   84   84   84   82   79   75   71   66   61   56   52   50   49   51   54   61
   69   80   94  108  125  142  160  178  196  213  230  245  258  269  277  281
  282  280  274  265  255  244  233  223  214
    62.5-180.0 180.0   5.0 450.0                            LAT/LON1/LON2/DLON/H
  228  220  212  204  195  184  172  157  141  126  112  100   91   85   82   80
   81   81   81   79   77   73   70   67   65   65   66   68   71   74   76   78
   79   79   78   76   73   70   65   61   56   51   48   45   45   47   51   58
   69   81   96  113  132  151  170  190  209  228  246  262  277  289  298  303
  304  301  295  285  273  261  248  237  228
    60.0-180.0 180.0   5.0 450.0                            LAT/LON1/LON2/DLON/H
  243  235  228  220  211  200  186  170  153  136  120  106   96   89   84   82
   81   80   79   76   72   68   63   60   57   57   58   61   64   67   70   71
   72   71   70   69   66   63   60   56   51   47   44   43   43   45   51   59
   71   86  103  122  142  163  184  204  224  243  261  278  293  306  316  322
  324  322  315  304  292  278  265  253  243
    57.5-180.0 180.0   5.0 450.0                            LAT/LON1/LON2/DLON/H
  260  251  244  237  227  216  201  184  165  146  129  114  101   93   87   83
   81   79   76   72   67   61   56   52   50   50   52   55   58   61   64   64
   64   64   62   61   59   58   55   53   50   47   44   44   45   48   55   65
   78   95  113  134  156  178  199  220  239  258  275  292  307  320  331  338
  340  339  332  322  309  295  282  270  260
    55.0-180.0 180.0   5.0 450.0                            LAT/LON1/LON2/DLON/H
  275  267  260  252  242  230  214  196  177  157  138  121  108   97   90   84
   80   76   72   67   62   56   50   46   44   45   48   52   55   58   60   60
   59   58   57   56   56   55   54   53   52   50   49   49   51   55   63   75
   90  108  128  150  173  195  216  236  254  271  287  302  316  328  339  347
  351  350  345  336  324  311  297  285  275
    52.5-180.0 180.0   5.0 450.0                            LAT/LON1/LON2/DLON/H
  289  281  274  265  255  241  225  206  186  166  146  129  115  103   93   86
   80   75   70   65   59   53   48   44   43   45   48   53   57   59   60   59
   58   56   55   55   56   57   58   58   58   57   57   58   61   67   76   88
  105  124  146  169  192  214  234  252  267  282  295  307  319  331  341  349
  354  355  352  345  334  322  310  299  289
    50.0-180.0 180.0   5.0 450.0                            LAT/LON1/LON2/DLON/H
  300  292  284  275  264  249  232  213  192  172  154  137  121  108   97   88
   80   74   69   65   60   55   50   48   47   49   54   58   62   64   65   63
   61   59   59   59   61   64   66   67   68   68   69   71   74   81   91  105
  122  143  165  188  211  232  250  265  278  289  299  309  318  328  337  345
  350  353  352  347  340  330  319  309  300
    47.5-180.0 180.0   5.0 450.0                            LAT/LON1/LON2/DLON/H
  308  300  291  281  269  253  235  216  196  177  159  143  128  114  101   91
   82   76   71   67   64   61   58   56   56   59   63   68   71   73   72   70
   68   66   66   68   71   74   77   79   80   81   82   85   89   96  107  122
  140  161  184  207  228  247  263  276  286  294  301  308  315  322  330  337
  343  347  348  346  341  333  325  317  308
    45.0-180.0 180.0   5.0 450.0                            LAT/LON1/LON2/DLON/H
  313  305  295  284  270  253  235  216  197  179  163  148  133  119  105   93
   84   78   75   73   72   70   69   67   68   70   74   78   82   83   82   80
   77   76   76   79   82   86   89   91   93   94   95   98  102  110  122  138
  157  179  201  223  243  260  273  284  291  297  302  307  312  318  323  329
  335  339  342  342  339  334  328  321  313
    42.5-180.0 180.0   5.0 450.0                            LAT/LON1/LON2/DLON/H
  316  307  297  284  269  252  233  214  196  179  165  151  137  123  109   96
   86   81   79   80   81   82   81   81   81   82   85   89   91   92   91   89
   87   86   87   90   94   97  100  102  103  104  105  108  113  121  134  151
  171  193  215  236  254  268  280  289  295  301  306  310  314  318  322  327
  331  335  338  339  338  335  330  324  316
    40.0-180.0 180.0   5.0 450.0                            LAT/LON1/LON2/DLON/H
  319  309  298  284  268  249  230  211  194  179  166  153  140  126  111   98
   89   84   84   87   90   93   94   93   92   93   94   97   98   99   98   96
   95   95   97  100  103  106  109  110  110  110  111  113  119  129  142  160
  181  203  225  244  260  273  284  292  300  307  313  319  324  327  331  334
  336  339  341  342  341  339  334  327  319
    37.5-180.0 180.0   5.0 450.0                            LAT/LON1/LON2/DLON/H
  324  313  300  285  267  248  229  210  193  179  167  155  142  128  113  100
   90   86   88   92   98  102  104  103  102  100  101  102  102  103  102  101
  100  101  103  106  109  111  112  113  112  111  112  115  121  131  146  166
  187  210  231  249  264  276  286  297  307  318  328  337  344  348  351  353
  353  354  354  354  352  348  342  334  324
    35.0-180.0 180.0   5.0 450.0                            LAT/LON1/LON2/DLON/H
  333  320  305  288  270  251  231  212  195  180  168  156  144  130  115  101
   92   88   90   96  103  108  110  110  107  105  104  104  104  103  102  102
  102  103  105  108  110  112  112  111  110  109  109  112  118  130  147  167
  190  213  233  251  265  277  290  303  318  335  350  364  375  382  385  385
  384  382  379  376  372  365  356  346  333
    32.5-180.0 180.0   5.0 450.0                            LAT/LON1/LON2/DLON/H
  348  331  314  296  278  258  237  218  200  184  171  159  146  132  117  104
   94   90   92   98  105  111  114  113  111  108  106  104  103  102  101  100
  101  102  104  106  108  108  108  107  105  103  103  106  113  126  144  167
  191  214  235  252  266  280  296  314  336  359  382  401  416  426  430  429
  427  422  417  410  402  392  379  364  348
    30.0-180.0 180.0   5.0 450.0                            LAT/LON1/LON2/DLON/H
  370  349  329  310  290  270  249  229  209  192  177  164  151  136  122  108
   98   93   93   99  106  112  115  116  114  111  109  106  104  102  100   98
   98   99  100  102  103  103  103  101   99   97   96   99  107  121  141  166
  191  215  236  254  269  286  306  331  359  390  420  445  464  477  482  482
  478  472  464  455  443  428  410  390  370
    27.5-180.0 180.0   5.0 450.0                            LAT/LON1/LON2/DLON/H
  398  374  351  329  309  288  267  245  223  204  187  171  157  143  129  115
  104   98   97  100  106  113  117  119  119  117  115  112  108  104  100   98
   96   95   96   97   98   98   98   96   94   91   90   93  102  117  139  165
  192  218  239  258  276  297  322  353  389  427  462  493  515  529  536  537
  533  527  518  506  491  472  449  424  398
    25.0-180.0 180.0   5.0 450.0                            LAT/LON1/LON2/DLON/H
  434  405  379  355  334  312  290  266  242  220  200  183  168  153  140  126
  115  107  104  105  110  116  122  126  128  129  127  123  117  111  105  100
   96   94   94   95   96   96   96   95   92   88   87   89   98  115  139  167
  196  222  245  266  287  312  344  381  423  466  506  539  563  578  586  588
  586  581  573  560  543  521  494  464  434
    22.5-180.0 180.0   5.0 450.0                            LAT/LON1/LON2/DLON/H
  476  443  414  388  364  342  318  292  265  240  217  198  182  168  155  142
  130  121  116  115  118  124  132  139  144  147  145  140  132  123  114  106
  100   97   95   96   97   99   99   97   93   88   86   88   98  116  142  172
  202  230  255  278  303  333  370  413  460  506  547  580  604  619  627  631
  632  630  624  613  596  572  543  510  476
    20.0-180.0 180.0   5.0 450.0                            LAT/LON1/LON2/DLON/H
  522  486  454  426  401  376  350  322  293  264  238  217  200  187  175  163
  151  141  133  131  133  140  149  159  167  171  170  163  153  140  127  116
  108  103  101  102  104  105  106  103   98   91   87   89  100  120  147  179
  211  240  267  293  322  357  399  446  495  542  581  612  633  647  656  662
  666  669  667  660  645  623  593  558  522
    17.5-180.0 180.0   5.0 450.0                            LAT/LON1/LON2/DLON/H
  570  534  500  469  442  415  387  356  324  292  264  241  223  209  198  187
  176  166  157  153  155  163  174  186  196  201  198  190  176  159  143  130
  120  114  112  112  115  117  116  112  105   96   91   92  103  125  154  188
  221  252  280  309  342  381  427  477  526  571  607  633  651  662  671  679
  688  696  700  698  688  669  641  607  570
    15.0-180.0 180.0   5.0 450.0                            LAT/LON1/LON2/DLON/H
  618  583  548  517  487  458  427  394  359  325  294  268  249  235  224  214
  204  194  186  182  184  193  205  219  229  233  229  217  199  180  160  144
  133  127  125  126  129  130  128  122  112  101   94   95  107  130  161  196
  231  263  294  325  361  404  452  502  550  591  622  643  657  666  674  685
  698  711  722  727  723  708  684  653  618
    12.5-180.0 180.0   5.0 450.0                            LAT/LON1/LON2/DLON/H
  664  631  598  566  535  504  471  435  398  361  327  299  278  262  251  242
  233  224  217  214  218  227  240  253  263  264  257  241  220  197  176  159
  147  141  140  141  144  144  140  131  117  104   95   96  110  135  168  204
  239  272  305  339  377  422  471  520  565  601  628  644  653  660  669  682
  699  717  734  745  747  739  721  695  664
    10.0-180.0 180.0   5.0 450.0                            LAT/LON1/LON2/DLON/H
  704  676  646  615  584  551  516  479  439  400  363  332  308  291  278  268
  260  252  247  247  252  262  275  287  293  291  280  260  236  211  188  171
  159  154  153  155  157  156  149  136  119  103   94   96  111  137  172  208
  244  278  311  347  387  433  481  528  570  602  624  637  644  650  660  675
  695  718  739  755  763  761  749  730  704
     7.5-180.0 180.0   5.0 450.0                            LAT/LON1/LON2/DLON/H
  736  714  689  661  631  598  562  523  482  441  402  368  340  318  303  291
  283  277  275  277  285  296  308  317  319  312  296  272  245  219  196  179
  169  164  165  166  167  163  153  136  117  100   90   93  110  138  173  210
  245  279  313  350  391  436  482  527  565  594  613  625  633  641  652  669
  691  715  739  758  770  773  767  755  736
     5.0-180.0 180.0   5.0 450.0                            LAT/LON1/LON2/DLON/H
  757  742  723  700  673  642  606  567  525  482  441  403  371  345  325  310
  301  296  297  302  311  323  334  339  337  325  304  277  248  221  199  184
  175  171  172  173  172  165  151  132  111   93   84   89  108  137  171  208
  242  276  310  347  387  431  475  517  552  579  599  613  623  635  649  667
  689  713  737  756  769  775  775  768  757
     2.5-180.0 180.0   5.0 450.0                            LAT/LON1/LON2/DLON/H
  764  757  745  728  706  678  645  607  565  522  479  438  401  369  344  325
  314  309  311  319  331  343  352  354  347  331  306  277  247  220  199  185
  177  175  175  175  171  162  145  124  102   85   78   85  105  134  168  203
  236  269  303  339  379  420  462  500  533  561  583  601  617  634  651  670
  691  713  733  749  761  768  770  769  764
