casg3020.98i
     1.0            IONOSPHERE MAPS     MIX                 IONEX VERSION / TYPE
GIM_AOE V1.0        LZSH                2015-11-19 05:34:23.0PGM / RUN BY / DATE
Global ionospheric map produced by aoe                      DESCRIPTION
Contact address: Li Zishen                                  DESCRIPTION
                                Chinese Academy of Sciences DESCRIPTION
                              Navigation Headquarter of CAS DESCRIPTION
                 Dengzhuang south Road,Beijing,China,100094 DESCRIPTION
                                   Email:lizishen@aoe.ac.cn DESCRIPTION
  1998    10    29     1     0  0.00                        EPOCH OF FIRST MAP
  1998    10    29    23     0  0.00                        EPOCH OF LAST MAP
  7200.0                                                    INTERVAL
    12                                                      # OF MAPS IN FILE
  COSZ                                                      MAPPING FUNCTION
     0.0                                                    ELEVATION CUTOFF
TEC is obtained by adjusted uncombined raw observation      OBSERVABLES USED
  6371.4                                                    BASE RADIUS 
     2                                                      MAP DIMENSION
   450.0 450.0   0.0                                        HGT1 / HGT2 / DHGT
    87.5 -87.5  -2.5                                        LAT1 / LAT2 / DLAT
  -180.0 180.0   5.0                                        LON1 / LON2 / DLON
    -1                                                      EXPONENT
TEC values in 0.1 tec units;  9999, if no value available   COMMENT
DCB values in nanoseconds, reference is Sum_of_SatDCBs = 0  COMMENT
                                                            END OF HEADER
[from data line 3003]
     8                                                      START OF TEC MAP
  1998    10    29    15     0     0                        EPOCH OF CURRENT MAP
    87.5-180.0 180.0   5.0 450.0                            LAT/LON1/LON2/DLON/H
  124  124  123  123  123  122  122  122  122  122  122  122  122  122  122  122
  123  123  124  124  124  125  125  126  126  127  127  128  128  129  129  130
  130  131  131  131  131  132  132  132  132  132  133  133  133  133  133  133
  133  133  133  133  133  132  132  132  132  131  131  131  130  130  129  129
  128  128  127  127  126  126  125  125  124
    85.0-180.0 180.0   5.0 450.0                            LAT/LON1/LON2/DLON/H
  116  115  114  113  113  112  111  111  111  111  111  111  111  112  112  113
  114  115  116  117  118  119  120  122  123  124  125  126  126  127  128  128
  129  129  130  130  130  130  130  131  131  131  131  131  131  131  131  131
  131  131  131  131  131  130  130  130  129  129  128  128  127  127  126  125
  124  123  122  121  120  119  118  117  116
    82.5-180.0 180.0   5.0 450.0                            LAT/LON1/LON2/DLON/H
  106  105  103  102  101  100   99   99   98   98   98   99   99  100  101  103
  105  106  108  110  112  114  116  118  120  121  123  124  125  126  126  126
  127  127  127  126  126  126  126  125  125  125  125  124  124  124  124  124
  124  124  123  123  123  123  123  122  122  122  121  121  120  119  118  117
  116  115  114  113  111  110  109  107  106
    80.0-180.0 180.0   5.0 450.0                            LAT/LON1/LON2/DLON/H
   94   93   92   90   89   88   87   87   86   86   86   87   88   90   92   94
   97   99  102  106  109  112  115  117  119  121  123  124  125  125  125  125
  125  124  123  122  121  120  119  118  117  116  115  114  114  113  113  112
  112  112  111  111  111  111  111  110  110  110  109  109  108  108  107  106
  105  104  102  101  100   98   97   96   94
    77.5-180.0 180.0   5.0 450.0                            LAT/LON1/LON2/DLON/H
   82   81   80   79   78   77   77   76   76   76   76   78   79   81   84   87
   91   95   99  104  108  112  116  119  122  124  126  127  128  128  127  126
  124  123  121  119  116  114  112  110  108  106  104  103  102  101   99   99
   98   97   96   96   95   95   95   95   95   94   94   94   94   93   92   92
   91   90   89   88   86   85   84   83   82
    75.0-180.0 180.0   5.0 450.0                            LAT/LON1/LON2/DLON/H
   71   70   70   70   69   69   68   68   68   68   69   71   73   76   79   84
   88   94   99  105  110  115  120  124  128  130  132  133  133  133  131  129
  127  124  121  117  114  110  107  103  100   97   95   92   90   88   86   85
   83   82   81   80   79   78   78   78   78   78   78   78   78   77   77   76
   75   74   74   73   72   72   71   71   71
    72.5-180.0 180.0   5.0 450.0                            LAT/LON1/LON2/DLON/H
   60   61   61   62   62   62   62   62   63   63   65   67   69   73   77   83
   89   95  102  109  115  121  127  132  136  139  140  141  141  140  139  136
  132  129  124  119  114  109  105  100   96   92   88   84   81   78   76   73
   71   69   67   65   64   63   62   62   62   62   62   62   62   62   62   61
   60   60   59   58   58   58   59   59   60
    70.0-180.0 180.0   5.0 450.0                            LAT/LON1/LON2/DLON/H
   51   52   54   56   57   58   58   59   60   61   63   65   68   73   78   85
   92   99  107  115  122  129  136  141  145  149  151  152  152  151  149  146
  142  137  131  126  119  113  107  101   95   90   85   81   77   73   69   66
   62   59   56   54   52   51   50   49   49   50   50   50   50   50   50   49
   48   47   46   46   46   46   47   49   51
    67.5-180.0 180.0   5.0 450.0                            LAT/LON1/LON2/DLON/H
   43   46   49   51   53   54   56   57   58   60   62   65   69   74   81   88
   96  105  114  123  131  138  145  151  156  160  162  164  164  163  161  158
  154  148  142  136  128  121  114  106  100   93   88   82   77   72   68   63
   59   55   52   48   46   44   43   42   42   42   43   43   43   43   42   41
   39   38   37   36   36   37   39   41   43
    65.0-180.0 180.0   5.0 450.0                            LAT/LON1/LON2/DLON/H
   38   41   44   47   50   52   54   55   57   59   62   66   71   77   84   93
  102  112  122  131  140  148  155  161  166  171  174  176  177  177  175  172
  168  162  156  149  141  132  124  116  108  101   94   88   83   77   72   67
   62   57   52   49   45   43   41   41   41   41   41   42   42   41   40   38
   36   34   32   31   30   31   33   35   38
    62.5-180.0 180.0   5.0 450.0                            LAT/LON1/LON2/DLON/H
   36   39   42   45   47   49   51   53   56   59   63   67   73   80   89   98
  109  119  130  140  149  157  164  171  176  181  185  188  190  190  189  186
  182  177  170  163  155  146  137  128  120  112  105   98   92   86   80   75
   69   63   58   54   50   48   46   45   45   45   46   46   47   46   44   42
   38   35   32   30   29   30   31   33   36
    60.0-180.0 180.0   5.0 450.0                            LAT/LON1/LON2/DLON/H
   37   40   42   43   45   47   49   51   54   58   63   68   75   83   93  104
  116  128  139  149  158  166  173  180  186  191  196  200  202  202  201  199
  195  190  184  177  169  160  151  141  133  125  117  110  104   97   91   85
   79   73   68   63   59   56   55   54   54   54   55   56   56   55   53   50
   46   42   38   35   33   33   34   35   37
    57.5-180.0 180.0   5.0 450.0                            LAT/LON1/LON2/DLON/H
   42   43   43   43   44   44   46   49   52   57   63   69   77   86   98  110
  123  136  148  159  168  176  183  189  195  201  207  211  213  214  213  210
  207  202  196  189  181  173  164  155  146  138  130  123  116  109  103   96
   90   84   79   75   71   68   66   65   65   66   67   68   69   68   66   63
   58   53   49   45   42   41   41   41   42
    55.0-180.0 180.0   5.0 450.0                            LAT/LON1/LON2/DLON/H
   50   49   47   45   44   43   44   47   51   57   63   71   80   90  102  116
  131  145  159  170  178  186  192  199  205  212  217  222  224  224  222  219
  215  211  205  199  192  184  175  166  158  149  142  134  127  119  113  106
  100   95   90   86   82   79   78   77   78   79   81   82   83   83   81   78
   73   68   62   58   54   52   51   51   50
    52.5-180.0 180.0   5.0 450.0                            LAT/LON1/LON2/DLON/H
   61   58   54   49   45   43   43   46   51   57   65   73   83   94  108  123
  140  155  170  181  190  196  203  209  216  223  229  233  234  233  230  226
  221  217  212  206  200  193  185  177  168  160  151  143  135  127  120  113
  108  103   98   95   92   89   88   88   89   91   93   95   97   97   96   93
   89   83   78   73   69   67   65   63   61
    50.0-180.0 180.0   5.0 450.0                            LAT/LON1/LON2/DLON/H
   73   68   62   55   49   45   44   47   53   60   69   78   88  100  115  131
  149  166  181  193  202  208  214  220  227  234  240  244  244  242  237  232
  226  221  217  212  207  201  194  187  178  169  160  150  141  132  124  118
  112  108  104  101   99   97   96   96   97  100  103  106  108  109  109  106
  103   98   93   88   84   81   79   76   73
    47.5-180.0 180.0   5.0 450.0                            LAT/LON1/LON2/DLON/H
   85   79   71   62   54   49   48   51   57   66   76   86   96  108  123  140
  159  177  193  205  214  220  225  231  239  246  253  256  255  251  245  238
  232  226  222  219  215  211  205  197  188  178  167  155  144  134  126  119
  114  110  108  105  103  102  101  101  103  106  110  113  116  118  118  117
  114  110  105  101   98   95   92   89   85
    45.0-180.0 180.0   5.0 450.0                            LAT/LON1/LON2/DLON/H
   95   88   79   69   60   54   53   57   64   74   85   96  106  118  132  149
  169  188  205  217  226  231  236  242  250  259  265  269  267  262  255  246
  239  234  231  229  226  223  217  210  200  188  174  160  147  135  126  119
  115  112  110  108  106  104  103  104  106  110  114  118  121  123  124  123
  121  118  114  110  107  105  103  100   95
    42.5-180.0 180.0   5.0 450.0                            LAT/LON1/LON2/DLON/H
  102   95   86   76   66   60   59   64   73   85   97  108  119  130  143  160
  179  198  215  228  236  241  246  253  261  270  278  282  280  275  267  259
  252  247  245  243  242  239  234  226  214  200  184  166  151  137  127  121
  117  115  113  110  108  106  105  105  108  111  116  120  123  125  126  125
  124  121  118  115  113  111  109  106  102
    40.0-180.0 180.0   5.0 450.0                            LAT/LON1/LON2/DLON/H
  104   98   90   80   71   66   66   71   82   96  110  123  133  144  156  171
  189  208  225  237  245  250  255  261  270  280  289  294  294  290  283  276
  270  266  265  264  264  262  256  247  233  216  196  176  157  143  132  126
  123  120  118  115  112  108  107  107  109  112  117  121  124  125  125  124
  123  120  118  116  113  112  110  108  104
    37.5-180.0 180.0   5.0 450.0                            LAT/LON1/LON2/DLON/H
  102   97   90   82   74   70   71   78   91  107  124  138  149  159  170  183
  199  217  232  244  252  256  261  267  277  288  299  306  309  307  303  298
  294  292  291  292  292  290  284  273  256  236  212  189  169  153  143  137
  134  131  128  124  118  114  110  110  111  114  118  121  123  124  123  121
  119  117  114  112  110  108  107  105  102
    35.0-180.0 180.0   5.0 450.0                            LAT/LON1/LON2/DLON/H
   96   92   87   80   74   71   73   82   98  116  136  152  165  174  184  195
  209  224  239  250  257  261  265  272  282  294  306  316  323  325  325  324
  323  323  324  325  325  322  315  302  284  260  234  208  186  170  160  155
  152  148  144  137  129  122  117  115  116  118  121  123  124  122  120  117
  115  112  109  107  104  102  100   98   96
    32.5-180.0 180.0   5.0 450.0                            LAT/LON1/LON2/DLON/H
   87   84   80   76   71   70   73   84  101  122  145  164  179  190  198  207
  219  231  244  254  260  264  268  275  284  297  312  325  336  345  350  354
  356  359  360  362  361  358  349  335  314  288  259  232  210  194  185  180
  176  171  164  155  145  135  128  125  124  125  127  127  126  123  119  115
  112  108  105  102   98   95   92   89   87
    30.0-180.0 180.0   5.0 450.0                            LAT/LON1/LON2/DLON/H
   78   75   72   69   66   66   70   82  100  125  150  174  192  204  212  220
  228  238  248  257  263  267  271  277  286  299  315  333  349  364  375  384
  391  395  398  399  398  393  384  368  345  318  289  262  241  226  217  211
  206  200  189  177  164  152  143  138  136  136  135  134  131  127  122  117
  112  108  104   99   94   89   85   81   78
    27.5-180.0 180.0   5.0 450.0                            LAT/LON1/LON2/DLON/H
   70   67   64   62   60   60   65   77   97  123  152  180  201  216  225  231
  238  245  253  261  267  271  275  280  288  301  319  339  361  382  400  414
  424  430  433  434  432  426  416  400  378  351  323  297  277  263  255  248
  241  230  217  201  186  172  162  156  152  150  147  144  140  134  128  122
  117  112  107  101   94   87   80   74   70
    25.0-180.0 180.0   5.0 450.0                            LAT/LON1/LON2/DLON/H
   66   61   58   56   54   54   59   70   90  118  150  182  208  226  237  243
  247  253  260  267  273  277  280  284  292  304  322  346  372  399  422  441
  454  461  464  464  461  456  446  431  410  385  359  336  318  306  296  287
  276  262  245  226  209  194  184  176  171  167  163  158  152  145  139  132
  127  121  115  108  100   90   81   72   66
    22.5-180.0 180.0   5.0 450.0                            LAT/LON1/LON2/DLON/H
   66   59   55   52   50   49   53   64   83  111  145  180  210  233  246  253
  257  261  267  274  281  285  289  292  298  309  328  353  383  414  443  465
  479  487  489  489  486  481  472  459  441  420  398  379  363  351  340  327
  311  291  270  250  232  218  207  200  193  187  181  174  167  160  154  148
  142  136  129  120  110   98   86   75   66
    20.0-180.0 180.0   5.0 450.0                            LAT/LON1/LON2/DLON/H
   70   61   55   50   47   46   49   58   76  104  139  176  210  236  253  262
  266  271  276  284  291  297  300  303  308  318  337  363  396  430  461  485
  500  507  509  508  506  502  496  486  473  457  440  425  411  398  383  364
  342  317  293  271  254  242  233  225  218  210  202  193  185  178  172  167
  161  154  146  136  124  110   96   82   70
    17.5-180.0 180.0   5.0 450.0                            LAT/LON1/LON2/DLON/H
   79   67   58   52   48   46   47   55   71   97  132  171  208  237  258  269
  276  281  287  295  303  310  314  317  322  332  350  377  410  445  477  502
  517  524  525  525  523  522  519  514  505  495  484  472  460  444  424  398
  369  338  311  290  275  265  259  253  245  235  225  214  206  199  193  188
  182  175  166  154  141  125  109   93   79
    15.0-180.0 180.0   5.0 450.0                            LAT/LON1/LON2/DLON/H
   89   75   65   57   51   48   49   55   69   93  127  165  204  237  261  276
  285  291  299  308  318  326  331  335  339  349  367  394  428  463  494  517
  532  538  540  540  541  542  543  543  540  536  530  521  508  489  462  428
  391  355  326  305  294  289  285  281  273  261  249  237  228  221  215  210
  204  195  185  172  157  141  123  106   89
    12.5-180.0 180.0   5.0 450.0                            LAT/LON1/LON2/DLON/H
  100   85   72   63   56   53   53   58   70   92  123  161  200  235  262  281
  293  303  312  322  333  342  349  354  360  371  390  416  449  483  512  534
  547  553  555  558  561  566  571  575  578  578  577  570  555  530  495  453
  408  368  338  320  312  311  311  309  301  288  274  260  249  242  236  230
  223  213  201  186  170  154  136  118  100
    10.0-180.0 180.0   5.0 450.0                            LAT/LON1/LON2/DLON/H
  110   94   80   69   62   59   59   64   75   95  123  159  197  234  264  286
  302  314  325  337  348  359  367  374  383  396  416  443  474  506  533  552
  564  571  575  579  586  594  602  610  617  622  623  616  599  568  525  474
  423  379  349  333  330  333  336  335  327  314  297  282  270  261  254  247
  238  226  212  196  179  162  145  127  110
     7.5-180.0 180.0   5.0 450.0                            LAT/LON1/LON2/DLON/H
  117  101   87   76   69   65   66   71   82  100  126  159  197  233  266  292
  311  326  339  351  363  375  385  395  406  422  444  472  502  531  556  574
  585  593  599  607  616  627  638  648  658  665  667  659  637  600  550  492
  436  390  360  346  346  353  359  358  350  336  318  302  287  277  268  258
  247  233  216  199  182  166  149  133  117
     5.0-180.0 180.0   5.0 450.0                            LAT/LON1/LON2/DLON/H
  120  105   91   81   74   72   74   80   91  108  133  163  199  236  270  299
  321  339  353  366  378  390  402  414  430  449  474  502  531  559  581  598
  610  619  629  639  650  663  675  687  698  705  706  695  669  626  569  506
  447  400  371  359  361  369  376  376  368  353  335  316  300  287  276  264
  249  233  214  196  179  163  149  135  120
     2.5-180.0 180.0   5.0 450.0                            LAT/LON1/LON2/DLON/H
  120  107   94   84   78   77   81   89  101  118  141  170  204  241  276  307
  333  352  368  380  392  404  417  433  452  475  503  532  561  586  607  624
  637  649  661  674  687  699  711  722  732  739  737  723  692  644  583  517
  456  410  381  371  373  381  387  387  378  363  344  325  308  292  278  263
  246  227  207  188  171  157  145  133  120
